Albany,2019,6195,2274,3921
Allegany,2019,751,209,542
Bronx,2019,40450,14954,25496
Broome,2019,4795,1420,3375
Cattaraugus,2019,1520,454,1066
Cayuga,2019,1241,411,830
Chautauqua,2019,3589,1080,2509
Chemung,2019,2038,524,1514
Chenango,2019,787,250,537
Clinton,2019,1705,458,1247
Columbia,2019,1258,340,918
Cortland,2019,1074,300,774
Delaware,2019,752,196,556
Dutchess,2019,4270,1200,3070
Erie,2019,19179,6356,12823
Essex,2019,646,160,486
Franklin,2019,926,321,605
Fulton,2019,1017,290,727
Genesee,2019,1208,377,831
Greene,2019,1202,333,869
Hamilton,2019,51,8,43
Herkimer,2019,957,273,684
Jefferson,2019,1868,527,1341
Kings,2019,46515,22134,24381
Lewis,2019,358,124,234
Livingston,2019,1014,391,623
Madison,2019,1095,305,790
Monroe,2019,12589,4234,8355
Montgomery,2019,1123,377,746
Nassau,2019,15294,4605,10689
New York,2019,42783,15333,27450
Niagara,2019,4531,1427,3104
Oneida,2019,4536,1097,3439
Onondaga,2019,9519,3198,6321
Ontario,2019,2064,726,1338
Orange,2019,7819,2178,5641
Orleans,2019,747,262,485
Oswego,2019,2483,617,1866
Otsego,2019,1022,277,745
Putnam,2019,1188,254,934
Queens,2019,35356,14421,20935
Rensselaer,2019,3243,1113,2130
Richmond,2019,7408,3077,4331
Rockland,2019,3079,928,2151
Saratoga,2019,3270,902,2368
Schenectady,2019,3402,1198,2204
Schoharie,2019,320,87,233
Schuyler,2019,263,77,186
Seneca,2019,628,238,390
Steuben,2019,1924,700,1224
St. Lawrence,2019,1820,610,1210
Suffolk,2019,18739,4487,14252
Sullivan,2019,1854,573,1281
Tioga,2019,605,183,422
Tompkins,2019,1109,268,841
Ulster,2019,3413,967,2446
Unknown-NonNYS,2019,79,63,16
Warren,2019,1373,356,1017
Washington,2019,1089,327,762
Wayne,2019,1238,376,862
Westchester,2019,12979,4196,8783
Wyoming,2019,713,240,473
Yates,2019,270,66,204
Albany,2018,6861,2460,4401
Allegany,2018,797,245,552
Bronx,2018,45491,15006,30485
Broome,2018,4915,1373,3542
Cattaraugus,2018,1650,549,1101
Cayuga,2018,1248,349,899
Chautauqua,2018,3377,1003,2374
Chemung,2018,1957,531,1426
Chenango,2018,853,255,598
Clinton,2018,1834,635,1199
Columbia,2018,1327,341,986
Cortland,2018,1209,347,862
Delaware,2018,850,249,601
Dutchess,2018,4375,1292,3083
Erie,2018,20195,6705,13490
Essex,2018,677,191,486
Franklin,2018,1133,403,730
Fulton,2018,1181,366,815
Genesee,2018,1211,371,840
Greene,2018,1404,420,984
Hamilton,2018,53,18,35
Herkimer,2018,1014,237,777
Jefferson,2018,2138,600,1538
Kings,2018,54235,23194,31041
Lewis,2018,332,96,236
Livingston,2018,1118,348,770
Madison,2018,1267,370,897
Monroe,2018,13577,4378,9199
Montgomery,2018,1105,325,780
Nassau,2018,16991,4689,12302
New York,2018,50168,17123,33045
Niagara,2018,4448,1420,3028
Oneida,2018,4921,1201,3720
Onondaga,2018,10396,3362,7034
Ontario,2018,1878,610,1268
Orange,2018,8736,2483,6253
Orleans,2018,784,254,530
Oswego,2018,2775,725,2050
Otsego,2018,1052,297,755
Putnam,2018,1265,301,964
Queens,2018,39107,15402,23705
Rensselaer,2018,3154,1115,2039
Richmond,2018,8357,3069,5288
Rockland,2018,3325,981,2344
Saratoga,2018,3915,1041,2874
Schenectady,2018,3787,1281,2506
Schoharie,2018,395,99,296
Schuyler,2018,309,97,212
Seneca,2018,667,221,446
Steuben,2018,1995,733,1262
St. Lawrence,2018,2112,642,1470
Suffolk,2018,20000,4823,15177
Sullivan,2018,1930,599,1331
Tioga,2018,683,206,477
Tompkins,2018,1200,309,891
Ulster,2018,3965,1102,2863
Unknown-NonNYS,2018,82,62,20
Warren,2018,1756,454,1302
Washington,2018,1240,388,852
Wayne,2018,1479,399,1080
Westchester,2018,12770,3841,8929
Wyoming,2018,793,285,508
Yates,2018,313,101,212
Albany,2017,7563,2712,4851
Allegany,2017,771,208,563
Bronx,2017,51311,16247,35064
Broome,2017,5339,1403,3936
Cattaraugus,2017,1615,487,1128
Cayuga,2017,1194,385,809
Chautauqua,2017,3431,1025,2406
Chemung,2017,1879,490,1389
Chenango,2017,754,236,518
Clinton,2017,1864,632,1232
Columbia,2017,1175,294,881
Cortland,2017,1311,371,940
Delaware,2017,892,262,630
Dutchess,2017,5055,1478,3577
Erie,2017,19874,6210,13664
Essex,2017,664,192,472
Franklin,2017,1199,398,801
Fulton,2017,1058,382,676
Genesee,2017,1181,402,779
Greene,2017,1369,363,1006
Hamilton,2017,50,20,30
Herkimer,2017,1081,284,797
Jefferson,2017,2265,653,1612
Kings,2017,62471,23710,38761
Lewis,2017,335,130,205
Livingston,2017,1240,340,900
Madison,2017,1099,270,829
Monroe,2017,14399,4625,9774
Montgomery,2017,1133,339,794
Nassau,2017,16960,5235,11725
New York,2017,61321,17031,44290
Niagara,2017,4920,1480,3440
Oneida,2017,5285,1382,3903
Onondaga,2017,10268,3340,6928
Ontario,2017,1814,563,1251
Orange,2017,9165,2389,6776
Orleans,2017,924,296,628
Oswego,2017,2448,710,1738
Otsego,2017,1024,286,738
Putnam,2017,1397,327,1070
Queens,2017,42740,15449,27291
Rensselaer,2017,3278,1091,2187
Richmond,2017,8956,3222,5734
Rockland,2017,3469,984,2485
Saratoga,2017,4060,1075,2985
Schenectady,2017,3692,1271,2421
Schoharie,2017,448,110,338
Schuyler,2017,272,88,184
Seneca,2017,738,231,507
Steuben,2017,1833,644,1189
St. Lawrence,2017,2168,693,1475
Suffolk,2017,20534,5010,15524
Sullivan,2017,1921,520,1401
Tioga,2017,729,221,508
Tompkins,2017,1274,297,977
Ulster,2017,4256,1105,3151
Unknown-NonNYS,2017,95,75,20
Warren,2017,1754,487,1267
Washington,2017,1204,364,840
Wayne,2017,1567,477,1090
Westchester,2017,12678,3740,8938
Wyoming,2017,773,259,514
Yates,2017,293,87,206
Albany,2016,7681,2830,4851
Allegany,2016,930,296,634
Bronx,2016,56288,17087,39201
Broome,2016,5209,1607,3602
Cattaraugus,2016,1507,436,1071
Cayuga,2016,1293,405,888
Chautauqua,2016,3269,907,2362
Chemung,2016,1987,453,1534
Chenango,2016,805,235,570
Clinton,2016,1891,503,1388
Columbia,2016,1048,273,775
Cortland,2016,1301,412,889
Delaware,2016,943,336,607
Dutchess,2016,4887,1477,3410
Erie,2016,21331,6452,14879
Essex,2016,694,204,490
Franklin,2016,1167,356,811
Fulton,2016,1050,344,706
Genesee,2016,1250,423,827
Greene,2016,1235,321,914
Hamilton,2016,64,12,52
Herkimer,2016,1055,231,824
Jefferson,2016,2398,612,1786
Kings,2016,66978,25032,41946
Lewis,2016,392,131,261
Livingston,2016,1290,387,903
Madison,2016,1158,310,848
Monroe,2016,14118,4396,9722
Montgomery,2016,1161,314,847
Nassau,2016,16985,5325,11660
New York,2016,68488,18655,49833
Niagara,2016,5031,1443,3588
Oneida,2016,5197,1246,3951
Onondaga,2016,10478,3491,6987
Ontario,2016,1832,566,1266
Orange,2016,8786,2287,6499
Orleans,2016,801,250,551
Oswego,2016,2655,757,1898
Otsego,2016,1104,333,771
Putnam,2016,1370,308,1062
Queens,2016,47698,17432,30266
Rensselaer,2016,3290,1046,2244
Richmond,2016,10007,3507,6500
Rockland,2016,3433,1024,2409
Saratoga,2016,3639,958,2681
Schenectady,2016,3989,1299,2690
Schoharie,2016,549,143,406
Schuyler,2016,329,116,213
Seneca,2016,778,273,505
Steuben,2016,1942,642,1300
St. Lawrence,2016,2260,620,1640
Suffolk,2016,19969,4841,15128
Sullivan,2016,1769,497,1272
Tioga,2016,679,193,486
Tompkins,2016,1479,372,1107
Ulster,2016,4111,1075,3036
Unknown-NonNYS,2016,106,80,26
Warren,2016,1719,442,1277
Washington,2016,1165,275,890
Wayne,2016,1471,396,1075
Westchester,2016,13035,4091,8944
Wyoming,2016,637,254,383
Yates,2016,324,101,223
Albany,2015,7414,2590,4824
Allegany,2015,792,209,583
Bronx,2015,59577,16122,43455
Broome,2015,4968,1532,3436
Cattaraugus,2015,1516,439,1077
Cayuga,2015,1327,431,896
Chautauqua,2015,3262,889,2373
Chemung,2015,1904,482,1422
Chenango,2015,778,245,533
Clinton,2015,1942,516,1426
Columbia,2015,1082,264,818
Cortland,2015,1342,375,967
Delaware,2015,893,221,672
Dutchess,2015,4684,1411,3273
Erie,2015,21819,6368,15451
Essex,2015,615,182,433
Franklin,2015,1121,323,798
Fulton,2015,1185,376,809
Genesee,2015,1395,401,994
Greene,2015,1275,350,925
Hamilton,2015,63,13,50
Herkimer,2015,1179,303,876
Jefferson,2015,2465,616,1849
Kings,2015,68196,23877,44319
Lewis,2015,316,100,216
Livingston,2015,1289,407,882
Madison,2015,1164,313,851
Monroe,2015,14510,4363,10147
Montgomery,2015,1126,321,805
Nassau,2015,15824,4944,10880
New York,2015,67723,17494,50229
Niagara,2015,4816,1417,3399
Oneida,2015,5173,1217,3956
Onondaga,2015,10336,3436,6900
Ontario,2015,1875,581,1294
Orange,2015,8601,2343,6258
Orleans,2015,706,242,464
Oswego,2015,2722,821,1901
Otsego,2015,1158,320,838
Putnam,2015,1142,271,871
Queens,2015,50816,17918,32898
Rensselaer,2015,3300,1057,2243
Richmond,2015,9167,3175,5992
Rockland,2015,3745,1151,2594
Saratoga,2015,3723,927,2796
Schenectady,2015,4108,1325,2783
Schoharie,2015,529,120,409
Schuyler,2015,322,98,224
Seneca,2015,712,223,489
Steuben,2015,2126,641,1485
St. Lawrence,2015,2216,646,1570
Suffolk,2015,21686,5135,16551
Sullivan,2015,1868,507,1361
Tioga,2015,645,183,462
Tompkins,2015,1589,374,1215
Ulster,2015,4220,1031,3189
Unknown-NonNYS,2015,105,78,27
Warren,2015,1662,465,1197
Washington,2015,1203,334,869
Wayne,2015,1492,469,1023
Westchester,2015,13195,3986,9209
Wyoming,2015,664,221,443
Yates,2015,349,96,253
Albany,2014,7706,2617,5089
Allegany,2014,888,290,598
Bronx,2014,67363,17348,50015
Broome,2014,5255,1511,3744
Cattaraugus,2014,1750,540,1210
Cayuga,2014,1485,451,1034
Chautauqua,2014,3264,899,2365
Chemung,2014,2193,519,1674
Chenango,2014,942,253,689
Clinton,2014,1976,589,1387
Columbia,2014,1220,274,946
Cortland,2014,1469,428,1041
Delaware,2014,1000,269,731
Dutchess,2014,4953,1450,3503
Erie,2014,24311,6953,17358
Essex,2014,661,229,432
Franklin,2014,1259,383,876
Fulton,2014,1194,327,867
Genesee,2014,1201,357,844
Greene,2014,1296,397,899
Hamilton,2014,66,11,55
Herkimer,2014,1113,271,842
Jefferson,2014,2470,618,1852
Kings,2014,76938,25179,51759
Lewis,2014,351,121,230
Livingston,2014,1239,382,857
Madison,2014,1170,308,862
Monroe,2014,14910,4183,10727
Montgomery,2014,1181,307,874
Nassau,2014,15576,5083,10493
New York,2014,74879,17649,57230
Niagara,2014,4961,1451,3510
Oneida,2014,5124,1219,3905
Onondaga,2014,10570,3462,7108
Ontario,2014,1874,556,1318
Orange,2014,8534,2249,6285
Orleans,2014,643,220,423
Oswego,2014,2605,760,1845
Otsego,2014,1235,359,876
Putnam,2014,1220,324,896
Queens,2014,56537,17996,38541
Rensselaer,2014,3088,982,2106
Richmond,2014,10977,3501,7476
Rockland,2014,3795,1142,2653
Saratoga,2014,3812,926,2886
Schenectady,2014,3909,1253,2656
Schoharie,2014,431,93,338
Schuyler,2014,341,90,251
Seneca,2014,804,229,575
Steuben,2014,1787,501,1286
St. Lawrence,2014,2133,564,1569
Suffolk,2014,22369,5335,17034
Sullivan,2014,2097,585,1512
Tioga,2014,666,189,477
Tompkins,2014,1637,387,1250
Ulster,2014,4487,1333,3154
Unknown-NonNYS,2014,106,70,36
Warren,2014,1638,432,1206
Washington,2014,1210,332,878
Wayne,2014,1573,453,1120
Westchester,2014,14393,4465,9928
Wyoming,2014,709,242,467
Yates,2014,372,94,278
Albany,2013,8258,2504,5754
Allegany,2013,932,238,694
Bronx,2013,68251,17281,50970
Broome,2013,5478,1593,3885
Cattaraugus,2013,1881,432,1449
Cayuga,2013,1562,505,1057
Chautauqua,2013,3325,835,2490
Chemung,2013,2423,528,1895
Chenango,2013,973,240,733
Clinton,2013,1999,629,1370
Columbia,2013,1246,299,947
Cortland,2013,1353,355,998
Delaware,2013,1000,256,744
Dutchess,2013,5102,1445,3657
Erie,2013,26142,7250,18892
Essex,2013,681,204,477
Franklin,2013,1257,383,874
Fulton,2013,1190,347,843
Genesee,2013,1391,402,989
Greene,2013,1227,386,841
Hamilton,2013,74,21,53
Herkimer,2013,1220,333,887
Jefferson,2013,2619,698,1921
Kings,2013,80324,25634,54690
Lewis,2013,380,106,274
Livingston,2013,1161,318,843
Madison,2013,1092,263,829
Monroe,2013,16187,4422,11765
Montgomery,2013,1216,391,825
Nassau,2013,16360,5471,10889
New York,2013,77346,18356,58990
Niagara,2013,5379,1656,3723
Oneida,2013,5068,1194,3874
Onondaga,2013,10952,3503,7449
Ontario,2013,2076,638,1438
Orange,2013,8241,2129,6112
Orleans,2013,790,267,523
Oswego,2013,2817,879,1938
Otsego,2013,1305,398,907
Putnam,2013,1453,324,1129
Queens,2013,56295,18284,38011
Rensselaer,2013,3242,1047,2195
Richmond,2013,10373,3363,7010
Rockland,2013,3811,1176,2635
Saratoga,2013,3790,975,2815
Schenectady,2013,4280,1225,3055
Schoharie,2013,673,169,504
Schuyler,2013,372,112,260
Seneca,2013,744,242,502
Steuben,2013,1901,630,1271
St. Lawrence,2013,2355,679,1676
Suffolk,2013,22996,5433,17563
Sullivan,2013,2109,651,1458
Tioga,2013,770,211,559
Tompkins,2013,1558,359,1199
Ulster,2013,4487,1217,3270
Unknown-NonNYS,2013,122,95,27
Warren,2013,1776,426,1350
Washington,2013,1169,328,841
Wayne,2013,1633,491,1142
Westchester,2013,15675,4640,11035
Wyoming,2013,777,233,544
Yates,2013,422,110,312
Albany,2012,8336,2630,5706
Allegany,2012,1104,339,765
Bronx,2012,71058,17326,53732
Broome,2012,5245,1595,3650
Cattaraugus,2012,1859,501,1358
Cayuga,2012,1653,525,1128
Chautauqua,2012,3378,892,2486
Chemung,2012,2575,561,2014
Chenango,2012,1107,248,859
Clinton,2012,2035,642,1393
Columbia,2012,1160,321,839
Cortland,2012,1438,383,1055
Delaware,2012,998,257,741
Dutchess,2012,5405,1517,3888
Erie,2012,25632,7581,18051
Essex,2012,665,199,466
Franklin,2012,1368,395,973
Fulton,2012,1172,345,827
Genesee,2012,1350,372,978
Greene,2012,1278,383,895
Hamilton,2012,96,31,65
Herkimer,2012,1275,332,943
Jefferson,2012,2790,705,2085
Kings,2012,83797,25060,58737
Lewis,2012,372,96,276
Livingston,2012,1130,305,825
Madison,2012,1272,258,1014
Monroe,2012,17164,4665,12499
Montgomery,2012,1140,336,804
Nassau,2012,16889,5556,11333
New York,2012,79178,18127,61051
Niagara,2012,5248,1518,3730
Oneida,2012,5637,1323,4314
Onondaga,2012,11184,3817,7367
Ontario,2012,2018,602,1416
Orange,2012,8146,2098,6048
Orleans,2012,827,262,565
Oswego,2012,2978,928,2050
Otsego,2012,1568,418,1150
Putnam,2012,1470,373,1097
Queens,2012,52279,16635,35644
Rensselaer,2012,3529,1197,2332
Richmond,2012,10540,3216,7324
Rockland,2012,3890,1246,2644
Saratoga,2012,3511,917,2594
Schenectady,2012,4320,1319,3001
Schoharie,2012,587,174,413
Schuyler,2012,376,72,304
Seneca,2012,755,237,518
Steuben,2012,1834,628,1206
St. Lawrence,2012,2571,710,1861
Suffolk,2012,25002,5731,19271
Sullivan,2012,2245,665,1580
Tioga,2012,679,172,507
Tompkins,2012,1675,366,1309
Ulster,2012,4623,1198,3425
Unknown-NonNYS,2012,109,82,27
Warren,2012,1926,496,1430
Washington,2012,1220,349,871
Wayne,2012,1592,471,1121
Westchester,2012,15969,4773,11196
Wyoming,2012,800,270,530
Yates,2012,428,118,310
Albany,2011,8081,2585,5496
Allegany,2011,1078,284,794
Bronx,2011,76444,18194,58250
Broome,2011,5333,1484,3849
Cattaraugus,2011,1946,529,1417
Cayuga,2011,1482,458,1024
Chautauqua,2011,3505,854,2651
Chemung,2011,2136,491,1645
Chenango,2011,1055,304,751
Clinton,2011,2019,586,1433
Columbia,2011,1317,382,935
Cortland,2011,1467,391,1076
Delaware,2011,918,227,691
Dutchess,2011,5365,1482,3883
Erie,2011,25090,7778,17312
Essex,2011,718,214,504
Franklin,2011,1295,369,926
Fulton,2011,1069,301,768
Genesee,2011,1393,404,989
Greene,2011,1396,393,1003
Hamilton,2011,80,15,65
Herkimer,2011,1233,285,948
Jefferson,2011,2883,673,2210
Kings,2011,87738,25184,62554
Lewis,2011,345,104,241
Livingston,2011,1004,218,786
Madison,2011,1127,230,897
Monroe,2011,17775,4751,13024
Montgomery,2011,1217,364,853
Nassau,2011,16428,5338,11090
New York,2011,80150,18620,61530
Niagara,2011,5455,1594,3861
Oneida,2011,5109,1162,3947
Onondaga,2011,10818,3601,7217
Ontario,2011,1980,586,1394
Orange,2011,8431,2179,6252
Orleans,2011,768,225,543
Oswego,2011,2953,828,2125
Otsego,2011,1471,398,1073
Putnam,2011,1475,351,1124
Queens,2011,53487,15928,37559
Rensselaer,2011,3295,1032,2263
Richmond,2011,11020,3269,7751
Rockland,2011,4105,1342,2763
Saratoga,2011,3297,836,2461
Schenectady,2011,4073,1188,2885
Schoharie,2011,555,126,429
Schuyler,2011,369,116,253
Seneca,2011,751,219,532
Steuben,2011,1709,540,1169
St. Lawrence,2011,2693,736,1957
Suffolk,2011,24631,5940,18691
Sullivan,2011,2341,668,1673
Tioga,2011,762,199,563
Tompkins,2011,1479,322,1157
Ulster,2011,4801,1191,3610
Unknown-NonNYS,2011,128,97,31
Warren,2011,1938,506,1432
Washington,2011,1133,291,842
Wayne,2011,1695,515,1180
Westchester,2011,16078,4981,11097
Wyoming,2011,728,241,487
Yates,2011,419,120,299
Albany,2010,8417,2664,5753
Allegany,2010,1161,305,856
Bronx,2010,79317,19023,60294
Broome,2010,5003,1351,3652
Cattaraugus,2010,1765,446,1319
Cayuga,2010,1450,406,1044
Chautauqua,2010,3512,866,2646
Chemung,2010,2016,527,1489
Chenango,2010,1043,276,767
Clinton,2010,1915,524,1391
Columbia,2010,1422,328,1094
Cortland,2010,1202,333,869
Delaware,2010,962,220,742
Dutchess,2010,5600,1655,3945
Erie,2010,25026,7771,17255
Essex,2010,827,218,609
Franklin,2010,1250,372,878
Fulton,2010,1168,365,803
Genesee,2010,1351,315,1036
Greene,2010,1407,402,1005
Hamilton,2010,93,19,74
Herkimer,2010,1224,264,960
Jefferson,2010,2824,713,2111
Kings,2010,87142,24594,62548
Lewis,2010,368,115,253
Livingston,2010,1110,270,840
Madison,2010,1150,245,905
Monroe,2010,17517,4734,12783
Montgomery,2010,1093,323,770
Nassau,2010,17687,5833,11854
New York,2010,80868,20419,60449
Niagara,2010,5806,1725,4081
Oneida,2010,5275,1240,4035
Onondaga,2010,10266,3483,6783
Ontario,2010,2107,583,1524
Orange,2010,9136,2272,6864
Orleans,2010,838,297,541
Oswego,2010,2609,710,1899
Otsego,2010,1603,447,1156
Putnam,2010,1561,357,1204
Queens,2010,54172,16186,37986
Rensselaer,2010,3429,1073,2356
Richmond,2010,10900,3337,7563
Rockland,2010,4356,1296,3060
Saratoga,2010,3646,887,2759
Schenectady,2010,4153,1270,2883
Schoharie,2010,618,138,480
Schuyler,2010,357,98,259
Seneca,2010,689,184,505
Steuben,2010,1729,499,1230
St. Lawrence,2010,2421,687,1734
Suffolk,2010,24024,5992,18032
Sullivan,2010,2359,692,1667
Tioga,2010,843,234,609
Tompkins,2010,1505,326,1179
Ulster,2010,5100,1241,3859
Unknown-NonNYS,2010,147,103,44
Warren,2010,2099,534,1565
Washington,2010,1266,368,898
Wayne,2010,1705,475,1230
Westchester,2010,15924,4872,11052
Wyoming,2010,691,247,444
Yates,2010,388,105,283
Albany,2009,8746,2721,6025
Allegany,2009,1196,319,877
Bronx,2009,80078,20420,59658
Broome,2009,5027,1387,3640
Cattaraugus,2009,1839,456,1383
Cayuga,2009,1406,410,996
Chautauqua,2009,3600,861,2739
Chemung,2009,2213,517,1696
Chenango,2009,1050,242,808
Clinton,2009,1867,524,1343
Columbia,2009,1368,376,992
Cortland,2009,1251,364,887
Delaware,2009,959,223,736
Dutchess,2009,5497,1476,4021
Erie,2009,25466,7867,17599
Essex,2009,771,202,569
Franklin,2009,1233,348,885
Fulton,2009,1274,331,943
Genesee,2009,1513,408,1105
Greene,2009,1491,394,1097
Hamilton,2009,54,8,46
Herkimer,2009,1204,227,977
Jefferson,2009,2910,686,2224
Kings,2009,87343,25355,61988
Lewis,2009,412,111,301
Livingston,2009,1101,246,855
Madison,2009,1276,259,1017
Monroe,2009,16461,4398,12063
Montgomery,2009,1060,281,779
Nassau,2009,17468,5740,11728
New York,2009,81210,22154,59056
Niagara,2009,5959,1692,4267
Oneida,2009,5675,1268,4407
Onondaga,2009,10790,3415,7375
Ontario,2009,2081,594,1487
Orange,2009,9022,2251,6771
Orleans,2009,792,277,515
Oswego,2009,2654,678,1976
Otsego,2009,1440,392,1048
Putnam,2009,1461,330,1131
Queens,2009,52428,15767,36661
Rensselaer,2009,3287,1001,2286
Richmond,2009,10625,3435,7190
Rockland,2009,4417,1375,3042
Saratoga,2009,3831,879,2952
Schenectady,2009,3868,1097,2771
Schoharie,2009,695,140,555
Schuyler,2009,327,104,223
Seneca,2009,732,186,546
Steuben,2009,1767,510,1257
St. Lawrence,2009,2485,721,1764
Suffolk,2009,23891,6363,17528
Sullivan,2009,2023,576,1447
Tioga,2009,809,209,600
Tompkins,2009,1501,348,1153
Ulster,2009,4771,1128,3643
Unknown-NonNYS,2009,111,60,51
Warren,2009,2164,529,1635
Washington,2009,1239,320,919
Wayne,2009,1821,524,1297
Westchester,2009,16485,4888,11597
Wyoming,2009,667,176,491
Yates,2009,388,96,292
Albany,2008,8730,2685,6045
Allegany,2008,1182,272,910
Bronx,2008,77648,20595,57053
Broome,2008,5157,1456,3701
Cattaraugus,2008,2008,512,1496
Cayuga,2008,1324,431,893
Chautauqua,2008,3646,933,2713
Chemung,2008,2164,563,1601
Chenango,2008,975,194,781
Clinton,2008,2016,571,1445
Columbia,2008,1391,371,1020
Cortland,2008,1206,303,903
Delaware,2008,1050,275,775
Dutchess,2008,5439,1534,3905
Erie,2008,25332,7879,17453
Essex,2008,916,220,696
Franklin,2008,1268,364,904
Fulton,2008,1195,331,864
Genesee,2008,1357,375,982
Greene,2008,1381,385,996
Hamilton,2008,66,17,49
Herkimer,2008,1265,315,950
Jefferson,2008,2608,611,1997
Kings,2008,83628,27185,56443
Lewis,2008,385,134,251
Livingston,2008,1162,257,905
Madison,2008,1309,322,987
Monroe,2008,16030,4432,11598
Montgomery,2008,1036,252,784
Nassau,2008,16739,5549,11190
New York,2008,80668,23468,57200
Niagara,2008,5784,1646,4138
Oneida,2008,5399,1305,4094
Onondaga,2008,10539,3487,7052
Ontario,2008,2062,613,1449
Orange,2008,8474,2318,6156
Orleans,2008,707,217,490
Oswego,2008,2632,714,1918
Otsego,2008,1302,400,902
Putnam,2008,1594,390,1204
Queens,2008,51778,16155,35623
Rensselaer,2008,3182,955,2227
Richmond,2008,11729,3499,8230
Rockland,2008,4508,1522,2986
Saratoga,2008,3505,842,2663
Schenectady,2008,3639,1095,2544
Schoharie,2008,669,146,523
Schuyler,2008,329,80,249
Seneca,2008,745,218,527
Steuben,2008,1924,570,1354
St. Lawrence,2008,2502,687,1815
Suffolk,2008,23436,6248,17188
Sullivan,2008,2110,647,1463
Tioga,2008,753,201,552
Tompkins,2008,1591,382,1209
Ulster,2008,4501,1147,3354
Unknown-NonNYS,2008,98,61,37
Warren,2008,2210,575,1635
Washington,2008,1242,319,923
Wayne,2008,1837,530,1307
Westchester,2008,17013,5139,11874
Wyoming,2008,747,231,516
Yates,2008,319,100,219
Albany,2007,9603,2918,6685
Allegany,2007,1119,265,854
Bronx,2007,79129,21660,57469
Broome,2007,5089,1521,3568
Cattaraugus,2007,1971,426,1545
Cayuga,2007,1316,369,947
Chautauqua,2007,3424,938,2486
Chemung,2007,2169,536,1633
Chenango,2007,1016,216,800
Clinton,2007,1949,560,1389
Columbia,2007,1371,329,1042
Cortland,2007,1208,293,915
Delaware,2007,1046,229,817
Dutchess,2007,5296,1384,3912
Erie,2007,24608,7774,16834
Essex,2007,954,217,737
Franklin,2007,1168,316,852
Fulton,2007,1165,279,886
Genesee,2007,1236,341,895
Greene,2007,1321,380,941
Hamilton,2007,89,21,68
Herkimer,2007,1343,283,1060
Jefferson,2007,2403,576,1827
Kings,2007,84791,28013,56778
Lewis,2007,411,139,272
Livingston,2007,1327,294,1033
Madison,2007,1210,275,935
Monroe,2007,14881,4151,10730
Montgomery,2007,1065,287,778
Nassau,2007,16271,5496,10775
New York,2007,82450,24597,57853
Niagara,2007,5530,1597,3933
Oneida,2007,5283,1273,4010
Onondaga,2007,10468,3540,6928
Ontario,2007,1954,497,1457
Orange,2007,8801,2438,6363
Orleans,2007,756,235,521
Oswego,2007,2145,615,1530
Otsego,2007,1250,380,870
Putnam,2007,1330,300,1030
Queens,2007,51100,16760,34340
Rensselaer,2007,3250,969,2281
Richmond,2007,9620,3205,6415
Rockland,2007,4407,1468,2939
Saratoga,2007,3541,848,2693
Schenectady,2007,3662,1105,2557
Schoharie,2007,569,132,437
Schuyler,2007,360,99,261
Seneca,2007,662,147,515
Steuben,2007,2085,607,1478
St. Lawrence,2007,2512,633,1879
Suffolk,2007,23556,6769,16787
Sullivan,2007,2201,665,1536
Tioga,2007,773,199,574
Tompkins,2007,1487,362,1125
Ulster,2007,4433,1092,3341
Unknown-NonNYS,2007,99,67,32
Warren,2007,2198,527,1671
Washington,2007,1230,303,927
Wayne,2007,1698,436,1262
Westchester,2007,17273,5121,12152
Wyoming,2007,676,211,465
Yates,2007,370,89,281
Albany,2006,10619,3253,7366
Allegany,2006,1095,255,840
Bronx,2006,68312,18979,49333
Broome,2006,5071,1525,3546
Cattaraugus,2006,1998,462,1536
Cayuga,2006,1353,416,937
Chautauqua,2006,3418,949,2469
Chemung,2006,2149,578,1571
Chenango,2006,1063,249,814
Clinton,2006,1969,509,1460
Columbia,2006,1289,337,952
Cortland,2006,1130,295,835
Delaware,2006,999,222,777
Dutchess,2006,5142,1418,3724
Erie,2006,24890,7583,17307
Essex,2006,1039,241,798
Franklin,2006,1193,347,846
Fulton,2006,1218,326,892
Genesee,2006,1318,341,977
Greene,2006,1248,366,882
Hamilton,2006,84,17,67
Herkimer,2006,1307,296,1011
Jefferson,2006,2499,651,1848
Kings,2006,77716,26371,51345
Lewis,2006,427,117,310
Livingston,2006,1261,240,1021
Madison,2006,1134,255,879
Monroe,2006,15243,4153,11090
Montgomery,2006,1069,290,779
Nassau,2006,16523,5628,10895
New York,2006,74911,23853,51058
Niagara,2006,5739,1645,4094
Oneida,2006,5167,1132,4035
Onondaga,2006,10427,3653,6774
Ontario,2006,2057,570,1487
Orange,2006,8866,2491,6375
Orleans,2006,834,264,570
Oswego,2006,2231,618,1613
Otsego,2006,1295,383,912
Putnam,2006,1364,304,1060
Queens,2006,47895,16052,31843
Rensselaer,2006,3198,961,2237
Richmond,2006,9350,3052,6298
Rockland,2006,4427,1362,3065
Saratoga,2006,3593,833,2760
Schenectady,2006,3923,1210,2713
Schoharie,2006,531,115,416
Schuyler,2006,347,75,272
Seneca,2006,685,160,525
Steuben,2006,1980,573,1407
St. Lawrence,2006,2543,685,1858
Suffolk,2006,24336,6892,17444
Sullivan,2006,2016,693,1323
Tioga,2006,685,175,510
Tompkins,2006,1437,319,1118
Ulster,2006,4624,1145,3479
Unknown-NonNYS,2006,108,71,37
Warren,2006,2174,568,1606
Washington,2006,1346,375,971
Wayne,2006,1809,550,1259
Westchester,2006,17039,5429,11610
Wyoming,2006,737,204,533
Yates,2006,382,96,286
Albany,2005,9472,2984,6488
Allegany,2005,1016,229,787
Bronx,2005,65668,18416,47252
Broome,2005,4988,1485,3503
Cattaraugus,2005,1836,424,1412
Cayuga,2005,1553,385,1168
Chautauqua,2005,3609,880,2729
Chemung,2005,2323,598,1725
Chenango,2005,1003,231,772
Clinton,2005,1910,527,1383
Columbia,2005,1245,291,954
Cortland,2005,1332,347,985
Delaware,2005,937,230,707
Dutchess,2005,5233,1481,3752
Erie,2005,23380,7081,16299
Essex,2005,820,192,628
Franklin,2005,1104,311,793
Fulton,2005,1480,358,1122
Genesee,2005,1260,330,930
Greene,2005,1224,354,870
Hamilton,2005,74,11,63
Herkimer,2005,1210,258,952
Jefferson,2005,2417,540,1877
Kings,2005,75173,25833,49340
Lewis,2005,426,126,300
Livingston,2005,1299,275,1024
Madison,2005,1111,252,859
Monroe,2005,15483,4071,11412
Montgomery,2005,1116,306,810
Nassau,2005,15535,5169,10366
New York,2005,73709,23802,49907
Niagara,2005,5527,1523,4004
Oneida,2005,5277,1124,4153
Onondaga,2005,10284,3410,6874
Ontario,2005,1910,506,1404
Orange,2005,8783,2408,6375
Orleans,2005,780,217,563
Oswego,2005,2422,624,1798
Otsego,2005,1152,295,857
Putnam,2005,1367,337,1030
Queens,2005,44999,15561,29438
Rensselaer,2005,3079,965,2114
Richmond,2005,8219,2607,5612
Rockland,2005,4356,1384,2972
Saratoga,2005,3495,822,2673
Schenectady,2005,3872,1065,2807
Schoharie,2005,643,144,499
Schuyler,2005,367,78,289
Seneca,2005,758,152,606
Steuben,2005,2157,641,1516
St. Lawrence,2005,2483,564,1919
Suffolk,2005,22839,6478,16361
Sullivan,2005,2285,714,1571
Tioga,2005,709,193,516
Tompkins,2005,1479,313,1166
Ulster,2005,4506,1121,3385
Unknown-NonNYS,2005,75,64,11
Warren,2005,1986,467,1519
Washington,2005,1286,292,994
Wayne,2005,1742,458,1284
Westchester,2005,16872,5244,11628
Wyoming,2005,670,192,478
Yates,2005,394,74,320
Albany,2004,8711,2918,5793
Allegany,2004,1045,239,806
Bronx,2004,63621,18798,44823
Broome,2004,5052,1479,3573
Cattaraugus,2004,1777,411,1366
Cayuga,2004,1725,478,1247
Chautauqua,2004,3537,854,2683
Chemung,2004,2459,581,1878
Chenango,2004,1084,262,822
Clinton,2004,1873,490,1383
Columbia,2004,1265,258,1007
Cortland,2004,1294,270,1024
Delaware,2004,918,204,714
Dutchess,2004,5258,1428,3830
Erie,2004,23242,7073,16169
Essex,2004,913,223,690
Franklin,2004,1277,368,909
Fulton,2004,1577,269,1308
Genesee,2004,1288,346,942
Greene,2004,1191,295,896
Hamilton,2004,92,25,67
Herkimer,2004,1169,268,901
Jefferson,2004,2438,578,1860
Kings,2004,68550,23135,45415
Lewis,2004,432,99,333
Livingston,2004,1338,300,1038
Madison,2004,1191,277,914
Monroe,2004,15790,4183,11607
Montgomery,2004,1015,255,760
Nassau,2004,15756,5024,10732
New York,2004,78869,24923,53946
Niagara,2004,5266,1527,3739
Oneida,2004,5424,1111,4313
Onondaga,2004,10179,3348,6831
Ontario,2004,1799,431,1368
Orange,2004,8316,2202,6114
Orleans,2004,729,215,514
Oswego,2004,2343,679,1664
Otsego,2004,1236,290,946
Putnam,2004,1233,268,965
Queens,2004,42411,15022,27389
Rensselaer,2004,3235,976,2259
Richmond,2004,7659,2313,5346
Rockland,2004,4191,1221,2970
Saratoga,2004,3447,784,2663
Schenectady,2004,3469,969,2500
Schoharie,2004,632,115,517
Schuyler,2004,401,94,307
Seneca,2004,775,199,576
Steuben,2004,1893,528,1365
St. Lawrence,2004,2374,583,1791
Suffolk,2004,22907,6370,16537
Sullivan,2004,2100,645,1455
Tioga,2004,780,185,595
Tompkins,2004,1333,270,1063
Ulster,2004,4158,1001,3157
Unknown-NonNYS,2004,62,50,12
Unknown NYC county,2004,1,0,1
Warren,2004,2056,451,1605
Washington,2004,1318,323,995
Wayne,2004,2068,561,1507
Westchester,2004,15945,4984,10961
Wyoming,2004,660,189,471
Yates,2004,412,105,307
Albany,2003,8992,2971,6021
Allegany,2003,997,241,756
Bronx,2003,62206,18956,43250
Broome,2003,5149,1507,3642
Cattaraugus,2003,1600,334,1266
Cayuga,2003,1551,404,1147
Chautauqua,2003,3605,788,2817
Chemung,2003,2262,515,1747
Chenango,2003,1069,250,819
Clinton,2003,1876,539,1337
Columbia,2003,1244,262,982
Cortland,2003,1501,334,1167
Delaware,2003,964,209,755
Dutchess,2003,4979,1339,3640
Erie,2003,23765,7182,16583
Essex,2003,871,184,687
Franklin,2003,1179,342,837
Fulton,2003,1437,274,1163
Genesee,2003,1116,297,819
Greene,2003,1273,344,929
Hamilton,2003,94,16,78
Herkimer,2003,1254,296,958
Jefferson,2003,2282,546,1736
Kings,2003,69596,21883,47713
Lewis,2003,392,72,320
Livingston,2003,1285,261,1024
Madison,2003,1282,237,1045
Monroe,2003,15767,4162,11605
Montgomery,2003,1065,266,799
Nassau,2003,15458,5015,10443
New York,2003,74941,24050,50891
Niagara,2003,5002,1279,3723
Oneida,2003,5390,1048,4342
Onondaga,2003,10255,3474,6781
Ontario,2003,1773,448,1325
Orange,2003,8418,2297,6121
Orleans,2003,685,225,460
Oswego,2003,2161,560,1601
Otsego,2003,1283,301,982
Putnam,2003,1280,285,995
Queens,2003,42466,14011,28455
Rensselaer,2003,3064,884,2180
Richmond,2003,7998,2339,5659
Rockland,2003,4096,1246,2850
Saratoga,2003,3865,787,3078
Schenectady,2003,3426,963,2463
Schoharie,2003,676,138,538
Schuyler,2003,391,83,308
Seneca,2003,818,211,607
Steuben,2003,1942,496,1446
St. Lawrence,2003,2297,574,1723
Suffolk,2003,24239,6783,17456
Sullivan,2003,2039,622,1417
Tioga,2003,839,185,654
Tompkins,2003,1486,267,1219
Ulster,2003,4391,1145,3246
Unknown-NonNYS,2003,73,64,9
Warren,2003,2140,483,1657
Washington,2003,1284,250,1034
Wayne,2003,2033,557,1476
Westchester,2003,15210,4777,10433
Wyoming,2003,693,183,510
Yates,2003,396,85,311
Albany,2002,8902,3039,5863
Allegany,2002,1083,248,835
Bronx,2002,61034,21009,40025
Broome,2002,5493,1650,3843
Cattaraugus,2002,1620,334,1286
Cayuga,2002,1474,415,1059
Chautauqua,2002,3697,721,2976
Chemung,2002,2286,536,1750
Chenango,2002,1086,232,854
Clinton,2002,1841,479,1362
Columbia,2002,1102,240,862
Cortland,2002,1464,258,1206
Delaware,2002,1119,264,855
Dutchess,2002,5059,1392,3667
Erie,2002,23516,7439,16077
Essex,2002,812,197,615
Franklin,2002,1174,331,843
Fulton,2002,1400,270,1130
Genesee,2002,1198,329,869
Greene,2002,1242,338,904
Hamilton,2002,75,13,62
Herkimer,2002,1209,275,934
Jefferson,2002,2382,573,1809
Kings,2002,75724,25487,50237
Lewis,2002,394,101,293
Livingston,2002,1186,217,969
Madison,2002,1255,255,1000
Monroe,2002,16780,4633,12147
Montgomery,2002,1079,264,815
Nassau,2002,15108,4922,10186
New York,2002,79934,27273,52661
Niagara,2002,4715,1361,3354
Oneida,2002,5472,1062,4410
Onondaga,2002,10498,3572,6926
Ontario,2002,1993,516,1477
Orange,2002,8245,2291,5954
Orleans,2002,703,203,500
Oswego,2002,2278,563,1715
Otsego,2002,1218,276,942
Putnam,2002,1223,274,949
Queens,2002,42023,14464,27559
Rensselaer,2002,3188,881,2307
Richmond,2002,8469,2700,5769
Rockland,2002,3773,1181,2592
Saratoga,2002,3770,761,3009
Schenectady,2002,3334,973,2361
Schoharie,2002,643,134,509
Schuyler,2002,416,80,336
Seneca,2002,826,177,649
Steuben,2002,1976,488,1488
St. Lawrence,2002,2524,586,1938
Suffolk,2002,24038,6695,17343
Sullivan,2002,1943,572,1371
Tioga,2002,859,206,653
Tompkins,2002,1688,288,1400
Ulster,2002,4336,1132,3204
Unknown-NonNYS,2002,68,55,13
Warren,2002,2082,481,1601
Washington,2002,1228,280,948
Wayne,2002,2051,493,1558
Westchester,2002,14683,4759,9924
Wyoming,2002,741,228,513
Yates,2002,367,101,266
Albany,2001,8963,2792,6171
Allegany,2001,1061,209,852
Bronx,2001,59867,21888,37979
Broome,2001,5431,1498,3933
Cattaraugus,2001,1597,313,1284
Cayuga,2001,1603,408,1195
Chautauqua,2001,3442,730,2712
Chemung,2001,2250,494,1756
Chenango,2001,953,211,742
Clinton,2001,1784,447,1337
Columbia,2001,1238,268,970
Cortland,2001,1279,245,1034
Delaware,2001,1072,210,862
Dutchess,2001,5285,1373,3912
Erie,2001,23310,7250,16060
Essex,2001,614,152,462
Franklin,2001,1071,285,786
Fulton,2001,1344,258,1086
Genesee,2001,1230,329,901
Greene,2001,1213,312,901
Hamilton,2001,63,11,52
Herkimer,2001,1202,254,948
Jefferson,2001,2201,527,1674
Kings,2001,83773,28427,55346
Lewis,2001,344,66,278
Livingston,2001,1161,191,970
Madison,2001,1061,187,874
Monroe,2001,16886,4655,12231
Montgomery,2001,1111,243,868
Nassau,2001,15069,5058,10011
New York,2001,81824,27169,54655
Niagara,2001,4728,1227,3501
Oneida,2001,5300,1042,4258
Onondaga,2001,11322,3874,7448
Ontario,2001,2122,481,1641
Orange,2001,8589,2290,6299
Orleans,2001,627,190,437
Oswego,2001,2331,594,1737
Otsego,2001,1191,280,911
Putnam,2001,1094,231,863
Queens,2001,41705,14556,27149
Rensselaer,2001,3191,886,2305
Richmond,2001,8714,3003,5711
Rockland,2001,3425,1069,2356
Saratoga,2001,3487,725,2762
Schenectady,2001,3196,989,2207
Schoharie,2001,626,132,494
Schuyler,2001,365,67,298
Seneca,2001,750,168,582
Steuben,2001,2187,506,1681
St. Lawrence,2001,2300,549,1751
Suffolk,2001,22283,6359,15924
Sullivan,2001,2039,548,1491
Tioga,2001,867,188,679
Tompkins,2001,1714,261,1453
Ulster,2001,4075,999,3076
Unknown-NonNYS,2001,79,64,15
Unknown NYC county,2001,1,0,1
Warren,2001,1862,436,1426
Washington,2001,1334,325,1009
Wayne,2001,1962,449,1513
Westchester,2001,14553,4514,10039
Wyoming,2001,675,177,498
Yates,2001,430,104,326
Albany,2000,8523,2503,6020
Allegany,2000,1113,244,869
Bronx,2000,70671,23046,47625
Broome,2000,5203,1508,3695
Cattaraugus,2000,1605,308,1297
Cayuga,2000,1577,332,1245
Chautauqua,2000,3331,711,2620
Chemung,2000,2475,579,1896
Chenango,2000,1011,229,782
Clinton,2000,1679,448,1231
Columbia,2000,1186,258,928
Cortland,2000,1470,301,1169
Delaware,2000,1043,197,846
Dutchess,2000,4876,1239,3637
Erie,2000,24274,7367,16907
Essex,2000,755,187,568
Franklin,2000,1134,251,883
Fulton,2000,1431,276,1155
Genesee,2000,1263,283,980
Greene,2000,1147,275,872
Hamilton,2000,75,10,65
Herkimer,2000,1165,265,900
Jefferson,2000,2331,579,1752
Kings,2000,89972,29805,60167
Lewis,2000,361,84,277
Livingston,2000,1300,240,1060
Madison,2000,1194,194,1000
Monroe,2000,17607,4980,12627
Montgomery,2000,1233,246,987
Nassau,2000,14416,4593,9823
New York,2000,94904,30461,64443
Niagara,2000,5013,1156,3857
Oneida,2000,4204,914,3290
Onondaga,2000,11518,3881,7637
Ontario,2000,2033,516,1517
Orange,2000,8718,2168,6550
Orleans,2000,688,166,522
Oswego,2000,2189,545,1644
Otsego,2000,1334,302,1032
Putnam,2000,1163,235,928
Queens,2000,46910,16182,30728
Rensselaer,2000,3161,842,2319
Richmond,2000,9531,3541,5990
Rockland,2000,3303,976,2327
Saratoga,2000,3567,725,2842
Schenectady,2000,2858,955,1903
Schoharie,2000,644,138,506
Schuyler,2000,419,91,328
Seneca,2000,766,119,647
Steuben,2000,2334,536,1798
St. Lawrence,2000,2333,505,1828
Suffolk,2000,23375,6510,16865
Sullivan,2000,2086,607,1479
Tioga,2000,824,175,649
Tompkins,2000,1780,329,1451
Ulster,2000,3878,920,2958
Unknown-NonNYS,2000,78,67,11
Warren,2000,2010,495,1515
Washington,2000,1253,318,935
Wayne,2000,2199,494,1705
Westchester,2000,14779,4419,10360
Wyoming,2000,766,192,574
Yates,2000,361,103,258
Albany,1999,8454,2373,6081
Allegany,1999,971,193,778
Bronx,1999,61617,23178,38439
Broome,1999,5430,1413,4017
Cattaraugus,1999,1557,295,1262
Cayuga,1999,1609,316,1293
Chautauqua,1999,3250,707,2543
Chemung,1999,2340,509,1831
Chenango,1999,987,205,782
Clinton,1999,1712,416,1296
Columbia,1999,1214,272,942
Cortland,1999,1336,273,1063
Delaware,1999,956,170,786
Dutchess,1999,4748,1191,3557
Erie,1999,25088,7450,17638
Essex,1999,711,178,533
Franklin,1999,1269,250,1019
Fulton,1999,1433,304,1129
Genesee,1999,1203,350,853
Greene,1999,995,279,716
Hamilton,1999,84,17,67
Herkimer,1999,1123,240,883
Jefferson,1999,2523,589,1934
Kings,1999,79623,30544,49079
Lewis,1999,381,117,264
Livingston,1999,1317,227,1090
Madison,1999,1176,212,964
Monroe,1999,18145,4995,13150
Montgomery,1999,1432,296,1136
Nassau,1999,14988,4767,10221
New York,1999,93141,31518,61623
Niagara,1999,5403,1351,4052
Oneida,1999,4816,891,3925
Onondaga,1999,11933,3887,8046
Ontario,1999,2131,517,1614
Orange,1999,8474,2040,6434
Orleans,1999,754,192,562
Oswego,1999,2222,504,1718
Otsego,1999,1320,248,1072
Putnam,1999,1314,299,1015
Queens,1999,45290,16567,28723
Rensselaer,1999,3198,786,2412
Richmond,1999,9049,3621,5428
Rockland,1999,3484,980,2504
Saratoga,1999,3106,640,2466
Schenectady,1999,2958,900,2058
Schoharie,1999,566,97,469
Schuyler,1999,373,101,272
Seneca,1999,891,163,728
Steuben,1999,2415,539,1876
St. Lawrence,1999,2340,480,1860
Suffolk,1999,22481,6396,16085
Sullivan,1999,1924,515,1409
Tioga,1999,959,187,772
Tompkins,1999,1836,308,1528
Ulster,1999,4346,1057,3289
Unknown-NonNYS,1999,95,87,8
Warren,1999,1893,457,1436
Washington,1999,1342,315,1027
Wayne,1999,1944,448,1496
Westchester,1999,14232,4313,9919
Wyoming,1999,681,169,512
Yates,1999,381,87,294
Albany,1998,9449,2768,6681
Allegany,1998,1024,208,816
Bronx,1998,67634,26901,40733
Broome,1998,5511,1432,4079
Cattaraugus,1998,1827,367,1460
Cayuga,1998,1714,384,1330
Chautauqua,1998,3540,716,2824
Chemung,1998,2513,563,1950
Chenango,1998,999,196,803
Clinton,1998,1602,422,1180
Columbia,1998,1173,315,858
Cortland,1998,1211,236,975
Delaware,1998,1005,161,844
Dutchess,1998,4984,1308,3676
Erie,1998,25839,7715,18124
Essex,1998,696,167,529
Franklin,1998,1105,293,812
Fulton,1998,1301,248,1053
Genesee,1998,1305,321,984
Greene,1998,987,247,740
Hamilton,1998,81,18,63
Herkimer,1998,1196,266,930
Jefferson,1998,2628,611,2017
Kings,1998,86789,35306,51483
Lewis,1998,364,101,263
Livingston,1998,1280,226,1054
Madison,1998,1300,208,1092
Monroe,1998,18868,5218,13650
Montgomery,1998,1329,257,1072
Nassau,1998,17668,5205,12463
New York,1998,106035,33949,72086
Niagara,1998,5274,1367,3907
Oneida,1998,5022,916,4106
Onondaga,1998,12531,4030,8501
Ontario,1998,2171,489,1682
Orange,1998,8517,2172,6345
Orleans,1998,818,204,614
Oswego,1998,2333,536,1797
Otsego,1998,1274,237,1037
Putnam,1998,1271,281,990
Queens,1998,47492,17858,29634
Rensselaer,1998,3125,824,2301
Richmond,1998,9126,3249,5877
Rockland,1998,3376,1111,2265
Saratoga,1998,3279,671,2608
Schenectady,1998,3452,1053,2399
Schoharie,1998,689,152,537
Schuyler,1998,390,86,304
Seneca,1998,992,186,806
Steuben,1998,2269,589,1680
St. Lawrence,1998,2370,474,1896
Suffolk,1998,23624,6875,16749
Sullivan,1998,1886,528,1358
Tioga,1998,1163,225,938
Tompkins,1998,1854,310,1544
Ulster,1998,4693,1113,3580
Unknown-NonNYS,1998,78,74,4
Unknown NYC county,1998,38,23,15
Warren,1998,1958,490,1468
Washington,1998,1433,328,1105
Wayne,1998,2214,535,1679
Westchester,1998,14247,4222,10025
Wyoming,1998,811,156,655
Yates,1998,374,98,276
Albany,1997,9431,2802,6629
Allegany,1997,1044,179,865
Bronx,1997,62978,26135,36843
Broome,1997,5476,1385,4091
Cattaraugus,1997,1871,344,1527
Cayuga,1997,1641,355,1286
Chautauqua,1997,3725,751,2974
Chemung,1997,2469,482,1987
Chenango,1997,1029,176,853
Clinton,1997,1953,515,1438
Columbia,1997,1299,380,919
Cortland,1997,1288,205,1083
Delaware,1997,1115,196,919
Dutchess,1997,4972,1304,3668
Erie,1997,27372,8116,19256
Essex,1997,653,158,495
Franklin,1997,1075,269,806
Fulton,1997,1314,217,1097
Genesee,1997,1360,342,1018
Greene,1997,1083,284,799
Hamilton,1997,61,9,52
Herkimer,1997,1157,253,904
Jefferson,1997,2493,573,1920
Kings,1997,84477,35745,48732
Lewis,1997,337,96,241
Livingston,1997,1255,210,1045
Madison,1997,1273,230,1043
Monroe,1997,18132,4845,13287
Montgomery,1997,1295,232,1063
Nassau,1997,19684,5795,13889
New York,1997,107730,34364,73366
Niagara,1997,5157,1327,3830
Oneida,1997,5109,1006,4103
Onondaga,1997,12536,4020,8516
Ontario,1997,2390,533,1857
Orange,1997,8699,2160,6539
Orleans,1997,847,225,622
Oswego,1997,2182,443,1739
Otsego,1997,1431,257,1174
Putnam,1997,1207,285,922
Queens,1997,43957,17521,26436
Rensselaer,1997,3071,881,2190
Richmond,1997,8961,3432,5529
Rockland,1997,3299,1037,2262
Saratoga,1997,3282,646,2636
Schenectady,1997,3246,1007,2239
Schoharie,1997,679,143,536
Schuyler,1997,347,77,270
Seneca,1997,908,137,771
Steuben,1997,2034,475,1559
St. Lawrence,1997,2542,521,2021
Suffolk,1997,23314,6714,16600
Sullivan,1997,2106,632,1474
Tioga,1997,1020,201,819
Tompkins,1997,1957,370,1587
Ulster,1997,4304,1073,3231
Unknown-NonNYS,1997,75,69,6
Unknown NYC county,1997,40,26,14
Warren,1997,1891,489,1402
Washington,1997,1443,313,1130
Wayne,1997,2279,504,1775
Westchester,1997,14676,4386,10290
Wyoming,1997,763,146,617
Yates,1997,390,75,315
Albany,1996,8888,2517,6371
Allegany,1996,1126,223,903
Bronx,1996,59848,27014,32834
Broome,1996,5227,1255,3972
Cattaraugus,1996,1815,304,1511
Cayuga,1996,1733,319,1414
Chautauqua,1996,3634,729,2905
Chemung,1996,2464,484,1980
Chenango,1996,1079,203,876
Clinton,1996,1977,443,1534
Columbia,1996,1343,345,998
Cortland,1996,1516,190,1326
Delaware,1996,1220,223,997
Dutchess,1996,5276,1301,3975
Erie,1996,25923,7723,18200
Essex,1996,724,189,535
Franklin,1996,1105,250,855
Fulton,1996,1432,279,1153
Genesee,1996,1376,301,1075
Greene,1996,990,252,738
Hamilton,1996,73,9,64
Herkimer,1996,1163,268,895
Jefferson,1996,2387,564,1823
Kings,1996,77507,35691,41816
Lewis,1996,349,80,269
Livingston,1996,1233,210,1023
Madison,1996,1328,203,1125
Monroe,1996,19528,4551,14977
Montgomery,1996,1471,251,1220
Nassau,1996,20141,5914,14227
New York,1996,102922,35125,67797
Niagara,1996,5597,1438,4159
Oneida,1996,5046,944,4102
Onondaga,1996,13398,3983,9415
Ontario,1996,2408,505,1903
Orange,1996,8467,2075,6392
Orleans,1996,826,216,610
Oswego,1996,2237,430,1807
Otsego,1996,1576,320,1256
Putnam,1996,1184,328,856
Queens,1996,40241,17543,22698
Rensselaer,1996,2921,722,2199
Richmond,1996,8241,3267,4974
Rockland,1996,3320,971,2349
Saratoga,1996,3590,688,2902
Schenectady,1996,2759,776,1983
Schoharie,1996,629,127,502
Schuyler,1996,440,84,356
Seneca,1996,887,132,755
Steuben,1996,1862,467,1395
St. Lawrence,1996,2384,389,1995
Suffolk,1996,22074,6196,15878
Sullivan,1996,2002,563,1439
Tioga,1996,1015,197,818
Tompkins,1996,2017,371,1646
Ulster,1996,4549,1087,3462
Unknown-NonNYS,1996,79,78,1
Unknown NYC county,1996,41,25,16
Warren,1996,1966,404,1562
Washington,1996,1443,281,1162
Wayne,1996,2589,568,2021
Westchester,1996,14029,4133,9896
Wyoming,1996,729,126,603
Yates,1996,518,91,427
Albany,1995,9384,2639,6745
Allegany,1995,1052,194,858
Bronx,1995,61522,28278,33244
Broome,1995,5119,1266,3853
Cattaraugus,1995,1720,350,1370
Cayuga,1995,1577,337,1240
Chautauqua,1995,3494,756,2738
Chemung,1995,2026,430,1596
Chenango,1995,916,149,767
Clinton,1995,2010,393,1617
Columbia,1995,1274,347,927
Cortland,1995,1341,211,1130
Delaware,1995,1250,198,1052
Dutchess,1995,5138,1338,3800
Erie,1995,24828,7375,17453
Essex,1995,704,134,570
Franklin,1995,1105,257,848
Fulton,1995,1306,230,1076
Genesee,1995,1314,280,1034
Greene,1995,1045,254,791
Hamilton,1995,77,15,62
Herkimer,1995,1134,243,891
Jefferson,1995,2437,545,1892
Kings,1995,72633,34131,38502
Lewis,1995,412,123,289
Livingston,1995,1259,164,1095
Madison,1995,1188,188,1000
Monroe,1995,18381,4255,14126
Montgomery,1995,1286,196,1090
Nassau,1995,18050,5608,12442
New York,1995,107403,37293,70110
Niagara,1995,4851,1211,3640
Oneida,1995,4425,1091,3334
Onondaga,1995,12851,3728,9123
Ontario,1995,2221,470,1751
Orange,1995,8278,1892,6386
Orleans,1995,778,177,601
Oswego,1995,2179,454,1725
Otsego,1995,1330,204,1126
Putnam,1995,1255,304,951
Queens,1995,40618,17183,23435
Rensselaer,1995,3013,721,2292
Richmond,1995,7620,3102,4518
Rockland,1995,3016,872,2144
Saratoga,1995,3519,676,2843
Schenectady,1995,2477,646,1831
Schoharie,1995,568,115,453
Schuyler,1995,357,80,277
Seneca,1995,784,130,654
Steuben,1995,1727,407,1320
St. Lawrence,1995,2304,481,1823
Suffolk,1995,20419,6338,14081
Sullivan,1995,2157,614,1543
Tioga,1995,875,166,709
Tompkins,1995,1966,385,1581
Ulster,1995,4574,1043,3531
Unknown-NonNYS,1995,101,93,8
Unknown NYC county,1995,21,16,5
Warren,1995,1882,417,1465
Washington,1995,1478,237,1241
Wayne,1995,2592,539,2053
Westchester,1995,13719,4060,9659
Wyoming,1995,761,150,611
Yates,1995,438,93,345
Albany,1994,8954,2619,6335
Allegany,1994,913,183,730
Bronx,1994,57776,29369,28407
Broome,1994,4748,1022,3726
Cattaraugus,1994,1588,325,1263
Cayuga,1994,1401,284,1117
Chautauqua,1994,3137,602,2535
Chemung,1994,2011,388,1623
Chenango,1994,1034,190,844
Clinton,1994,1755,401,1354
Columbia,1994,1009,280,729
Cortland,1994,1206,160,1046
Delaware,1994,1216,166,1050
Dutchess,1994,5817,1400,4417
Erie,1994,24131,7106,17025
Essex,1994,621,154,467
Franklin,1994,1082,216,866
Fulton,1994,1148,235,913
Genesee,1994,1249,230,1019
Greene,1994,915,240,675
Hamilton,1994,70,6,64
Herkimer,1994,1104,233,871
Jefferson,1994,2475,548,1927
Kings,1994,71611,34390,37221
Lewis,1994,399,119,280
Livingston,1994,1231,151,1080
Madison,1994,1150,172,978
Monroe,1994,17471,4151,13320
Montgomery,1994,1069,154,915
Nassau,1994,17561,5796,11765
New York,1994,105198,38065,67133
Niagara,1994,4669,1066,3603
Oneida,1994,4393,975,3418
Onondaga,1994,11323,3383,7940
Ontario,1994,2056,442,1614
Orange,1994,8252,2046,6206
Orleans,1994,816,211,605
Oswego,1994,2223,537,1686
Otsego,1994,1275,228,1047
Putnam,1994,1395,309,1086
Queens,1994,38771,16760,22011
Rensselaer,1994,2762,685,2077
Richmond,1994,6389,2867,3522
Rockland,1994,2747,795,1952
Saratoga,1994,3365,606,2759
Schenectady,1994,2414,678,1736
Schoharie,1994,623,114,509
Schuyler,1994,343,69,274
Seneca,1994,731,138,593
Steuben,1994,1712,381,1331
St. Lawrence,1994,2130,471,1659
Suffolk,1994,19740,6229,13511
Sullivan,1994,2453,729,1724
Tioga,1994,929,183,746
Tompkins,1994,1963,320,1643
Ulster,1994,4506,1125,3381
Unknown-NonNYS,1994,91,88,3
Unknown NYC county,1994,44,41,3
Warren,1994,1990,345,1645
Washington,1994,1254,206,1048
Wayne,1994,2424,539,1885
Westchester,1994,13322,3911,9411
Wyoming,1994,739,160,579
Yates,1994,388,80,308
Albany,1993,9303,2635,6668
Allegany,1993,902,191,711
Bronx,1993,46930,26117,20813
Broome,1993,4537,1007,3530
Cattaraugus,1993,1358,276,1082
Cayuga,1993,1504,336,1168
Chautauqua,1993,3013,519,2494
Chemung,1993,1921,364,1557
Chenango,1993,986,133,853
Clinton,1993,1789,403,1386
Columbia,1993,1058,283,775
Cortland,1993,1184,165,1019
Delaware,1993,1261,203,1058
Dutchess,1993,5845,1528,4317
Erie,1993,23964,7079,16885
Essex,1993,614,138,476
Franklin,1993,1160,229,931
Fulton,1993,1076,186,890
Genesee,1993,1198,232,966
Greene,1993,1060,250,810
Hamilton,1993,108,30,78
Herkimer,1993,1182,245,937
Jefferson,1993,2422,471,1951
Kings,1993,55960,29992,25968
Lewis,1993,405,103,302
Livingston,1993,1380,184,1196
Madison,1993,1153,167,986
Monroe,1993,17105,4199,12906
Montgomery,1993,1154,233,921
Nassau,1993,17173,5561,11612
New York,1993,90878,35304,55574
Niagara,1993,4320,1030,3290
Oneida,1993,4362,864,3498
Onondaga,1993,11509,3280,8229
Ontario,1993,2024,430,1594
Orange,1993,8445,1949,6496
Orleans,1993,857,189,668
Oswego,1993,2207,435,1772
Otsego,1993,1313,250,1063
Putnam,1993,1584,376,1208
Queens,1993,33264,16316,16948
Rensselaer,1993,3048,773,2275
Richmond,1993,5351,2458,2893
Rockland,1993,2824,815,2009
Saratoga,1993,3474,615,2859
Schenectady,1993,2884,714,2170
Schoharie,1993,695,111,584
Schuyler,1993,384,74,310
Seneca,1993,741,136,605
Steuben,1993,1663,382,1281
St. Lawrence,1993,2474,466,2008
Suffolk,1993,17185,5118,12067
Sullivan,1993,2382,700,1682
Tioga,1993,987,186,801
Tompkins,1993,1901,367,1534
Ulster,1993,4622,1220,3402
Unknown-NonNYS,1993,107,99,8
Unknown NYC county,1993,26,22,4
Warren,1993,1978,358,1620
Washington,1993,1430,252,1178
Wayne,1993,2346,464,1882
Westchester,1993,14013,4122,9891
Wyoming,1993,697,183,514
Yates,1993,403,72,331
Albany,1992,9335,2509,6826
Allegany,1992,827,187,640
Bronx,1992,44536,26673,17863
Broome,1992,4561,1088,3473
Cattaraugus,1992,1286,239,1047
Cayuga,1992,1612,350,1262
Chautauqua,1992,3073,615,2458
Chemung,1992,2124,455,1669
Chenango,1992,1095,209,886
Clinton,1992,1771,418,1353
Columbia,1992,1314,385,929
Cortland,1992,1370,157,1213
Delaware,1992,1188,223,965
Dutchess,1992,6287,1589,4698
Erie,1992,23801,6861,16940
Essex,1992,644,144,500
Franklin,1992,1167,208,959
Fulton,1992,1117,194,923
Genesee,1992,1247,256,991
Greene,1992,1209,289,920
Hamilton,1992,85,21,64
Herkimer,1992,989,203,786
Jefferson,1992,2615,617,1998
Kings,1992,54790,30959,23831
Lewis,1992,362,79,283
Livingston,1992,1407,182,1225
Madison,1992,1427,224,1203
Monroe,1992,18501,4574,13927
Montgomery,1992,1175,206,969
Nassau,1992,16968,5472,11496
New York,1992,91495,37115,54380
Niagara,1992,4633,1039,3594
Oneida,1992,4834,1017,3817
Onondaga,1992,12155,3600,8555
Ontario,1992,1997,433,1564
Orange,1992,8562,1965,6597
Orleans,1992,823,216,607
Oswego,1992,2312,514,1798
Otsego,1992,1378,217,1161
Putnam,1992,1704,370,1334
Queens,1992,32676,16813,15863
Rensselaer,1992,2929,666,2263
Richmond,1992,5688,2645,3043
Rockland,1992,3013,965,2048
Saratoga,1992,3964,651,3313
Schenectady,1992,2877,705,2172
Schoharie,1992,773,132,641
Schuyler,1992,509,108,401
Seneca,1992,804,142,662
Steuben,1992,1756,356,1400
St. Lawrence,1992,2509,437,2072
Suffolk,1992,18887,5479,13408
Sullivan,1992,2497,738,1759
Tioga,1992,962,225,737
Tompkins,1992,1837,358,1479
Ulster,1992,4352,1124,3228
Unknown-NonNYS,1992,111,108,3
Unknown NYC county,1992,30,22,8
Warren,1992,2033,330,1703
Washington,1992,1338,234,1104
Wayne,1992,2423,473,1950
Westchester,1992,15385,4600,10785
Wyoming,1992,745,186,559
Yates,1992,375,89,286
Albany,1991,9095,2455,6640
Allegany,1991,885,188,697
Bronx,1991,44784,28509,16275
Broome,1991,4513,1011,3502
Cattaraugus,1991,1635,306,1329
Cayuga,1991,1538,296,1242
Chautauqua,1991,3272,578,2694
Chemung,1991,2195,461,1734
Chenango,1991,1031,131,900
Clinton,1991,1881,333,1548
Columbia,1991,1631,405,1226
Cortland,1991,1414,170,1244
Delaware,1991,1229,201,1028
Dutchess,1991,6462,1600,4862
Erie,1991,24254,6425,17829
Essex,1991,638,161,477
Franklin,1991,1195,276,919
Fulton,1991,1101,209,892
Genesee,1991,1203,232,971
Greene,1991,1161,275,886
Hamilton,1991,117,19,98
Herkimer,1991,1068,195,873
Jefferson,1991,2618,558,2060
Kings,1991,56370,35158,21212
Lewis,1991,404,92,312
Livingston,1991,1598,239,1359
Madison,1991,1448,178,1270
Monroe,1991,19505,4518,14987
Montgomery,1991,1320,267,1053
Nassau,1991,18258,5802,12456
New York,1991,97676,39575,58101
Niagara,1991,4571,933,3638
Oneida,1991,5493,1050,4443
Onondaga,1991,12488,3499,8989
Ontario,1991,2155,454,1701
Orange,1991,8383,2019,6364
Orleans,1991,947,220,727
Oswego,1991,2161,464,1697
Otsego,1991,1292,201,1091
Putnam,1991,1921,416,1505
Queens,1991,33452,17812,15640
Rensselaer,1991,3166,738,2428
Richmond,1991,6259,2886,3373
Rockland,1991,3245,1000,2245
Saratoga,1991,4027,630,3397
Schenectady,1991,3365,728,2637
Schoharie,1991,848,125,723
Schuyler,1991,398,85,313
Seneca,1991,820,153,667
Steuben,1991,2027,418,1609
St. Lawrence,1991,2477,383,2094
Suffolk,1991,19347,5496,13851
Sullivan,1991,2812,728,2084
Tioga,1991,985,224,761
Tompkins,1991,2135,374,1761
Ulster,1991,4212,1072,3140
Unknown-NonNYS,1991,177,169,8
Unknown NYC county,1991,13,7,6
Warren,1991,1983,352,1631
Washington,1991,1500,260,1240
Wayne,1991,2404,409,1995
Westchester,1991,16920,5294,11626
Wyoming,1991,824,169,655
Yates,1991,424,86,338
Albany,1990,8514,2120,6394
Allegany,1990,806,180,626
Bronx,1990,43837,28129,15708
Broome,1990,4244,936,3308
Cattaraugus,1990,1582,296,1286
Cayuga,1990,1466,275,1191
Chautauqua,1990,3270,545,2725
Chemung,1990,2193,433,1760
Chenango,1990,1116,168,948
Clinton,1990,1943,417,1526
Columbia,1990,1591,433,1158
Cortland,1990,1394,158,1236
Delaware,1990,1256,213,1043
Dutchess,1990,6434,1561,4873
Erie,1990,25113,6420,18693
Essex,1990,720,182,538
Franklin,1990,1290,264,1026
Fulton,1990,870,167,703
Genesee,1990,1216,233,983
Greene,1990,1141,285,856
Hamilton,1990,114,16,98
Herkimer,1990,1065,223,842
Jefferson,1990,2701,525,2176
Kings,1990,61869,37168,24701
Lewis,1990,355,85,270
Livingston,1990,1637,223,1414
Madison,1990,1443,201,1242
Monroe,1990,20474,5005,15469
Montgomery,1990,1336,283,1053
Nassau,1990,18579,5843,12736
New York,1990,98622,44632,53990
Niagara,1990,4601,998,3603
Oneida,1990,4622,868,3754
Onondaga,1990,12256,3546,8710
Ontario,1990,2311,414,1897
Orange,1990,8628,2026,6602
Orleans,1990,934,214,720
Oswego,1990,2316,492,1824
Otsego,1990,1483,221,1262
Putnam,1990,1932,384,1548
Queens,1990,34422,18683,15739
Rensselaer,1990,3236,685,2551
Richmond,1990,6161,2737,3424
Rockland,1990,3575,1096,2479
Saratoga,1990,3975,561,3414
Schenectady,1990,2971,794,2177
Schoharie,1990,868,138,730
Schuyler,1990,461,87,374
Seneca,1990,1033,202,831
Steuben,1990,1889,344,1545
St. Lawrence,1990,2752,436,2316
Suffolk,1990,22427,5953,16474
Sullivan,1990,2789,694,2095
Tioga,1990,943,188,755
Tompkins,1990,1948,307,1641
Ulster,1990,4310,1047,3263
Unknown-NonNYS,1990,181,163,18
Unknown NYC county,1990,33,27,6
Warren,1990,1990,390,1600
Washington,1990,1482,242,1240
Wayne,1990,2439,341,2098
Westchester,1990,18013,5384,12629
Wyoming,1990,826,187,639
Yates,1990,414,97,317
Albany,1989,8003,2121,5882
Allegany,1989,826,182,644
Bronx,1989,46127,28051,18076
Broome,1989,4039,854,3185
Cattaraugus,1989,1413,284,1129
Cayuga,1989,1478,316,1162
Chautauqua,1989,2922,494,2428
Chemung,1989,2095,382,1713
Chenango,1989,1046,124,922
Clinton,1989,1713,374,1339
Columbia,1989,1379,342,1037
Cortland,1989,1365,158,1207
Delaware,1989,1211,190,1021
Dutchess,1989,6802,1599,5203
Erie,1989,22623,5703,16920
Essex,1989,651,141,510
Franklin,1989,1117,202,915
Fulton,1989,863,148,715
Genesee,1989,1194,272,922
Greene,1989,1083,289,794
Hamilton,1989,106,18,88
Herkimer,1989,1035,243,792
Jefferson,1989,2336,477,1859
Kings,1989,71237,41300,29937
Lewis,1989,355,63,292
Livingston,1989,1383,148,1235
Madison,1989,1322,204,1118
Monroe,1989,20002,4745,15257
Montgomery,1989,1229,282,947
Nassau,1989,18464,5897,12567
New York,1989,100209,44438,55771
Niagara,1989,4149,919,3230
Oneida,1989,4081,833,3248
Onondaga,1989,11110,3317,7793
Ontario,1989,2178,350,1828
Orange,1989,8838,2154,6684
Orleans,1989,699,166,533
Oswego,1989,2125,361,1764
Otsego,1989,1496,229,1267
Putnam,1989,1694,354,1340
Queens,1989,37098,19607,17491
Rensselaer,1989,2974,588,2386
Richmond,1989,6213,2637,3576
Rockland,1989,3407,1007,2400
Saratoga,1989,4090,609,3481
Schenectady,1989,2798,681,2117
Schoharie,1989,793,137,656
Schuyler,1989,434,80,354
Seneca,1989,1005,183,822
Steuben,1989,1730,377,1353
St. Lawrence,1989,2229,332,1897
Suffolk,1989,24433,6726,17707
Sullivan,1989,2968,802,2166
Tioga,1989,890,174,716
Tompkins,1989,1837,342,1495
Ulster,1989,4012,959,3053
Unknown-NonNYS,1989,257,228,29
Unknown NYC county,1989,104,64,40
Warren,1989,2034,356,1678
Washington,1989,1363,272,1091
Wayne,1989,2486,393,2093
Westchester,1989,18784,5543,13241
Wyoming,1989,703,141,562
Yates,1989,267,63,204
Albany,1988,7083,1765,5318
Allegany,1988,704,144,560
Bronx,1988,45016,26686,18330
Broome,1988,3839,852,2987
Cattaraugus,1988,1371,229,1142
Cayuga,1988,1365,324,1041
Chautauqua,1988,2574,410,2164
Chemung,1988,1778,366,1412
Chenango,1988,971,136,835
Clinton,1988,1616,284,1332
Columbia,1988,1213,295,918
Cortland,1988,1258,167,1091
Delaware,1988,1051,169,882
Dutchess,1988,5986,1441,4545
Erie,1988,21025,5030,15995
Essex,1988,636,140,496
Franklin,1988,966,179,787
Fulton,1988,733,124,609
Genesee,1988,999,200,799
Greene,1988,988,249,739
Hamilton,1988,85,6,79
Herkimer,1988,922,190,732
Jefferson,1988,1880,413,1467
Kings,1988,66939,37588,29351
Lewis,1988,327,73,254
Livingston,1988,1269,156,1113
Madison,1988,1157,161,996
Monroe,1988,16545,3743,12802
Montgomery,1988,1084,215,869
Nassau,1988,18091,5514,12577
New York,1988,105379,41378,64001
Niagara,1988,3744,830,2914
Oneida,1988,3391,783,2608
Onondaga,1988,10098,3233,6865
Ontario,1988,2202,401,1801
Orange,1988,8457,1954,6503
Orleans,1988,625,143,482
Oswego,1988,1932,364,1568
Otsego,1988,1408,175,1233
Putnam,1988,1445,289,1156
Queens,1988,37126,19858,17268
Rensselaer,1988,2636,546,2090
Richmond,1988,6170,2598,3572
Rockland,1988,3387,929,2458
Saratoga,1988,3639,604,3035
Schenectady,1988,2678,646,2032
Schoharie,1988,648,123,525
Schuyler,1988,377,78,299
Seneca,1988,848,160,688
Steuben,1988,1426,271,1155
St. Lawrence,1988,2384,313,2071
Suffolk,1988,23943,5574,18369
Sullivan,1988,2862,835,2027
Tioga,1988,928,185,743
Tompkins,1988,1780,334,1446
Ulster,1988,3811,867,2944
Unknown-NonNYS,1988,196,181,15
Unknown NYC county,1988,98,52,46
Warren,1988,1823,334,1489
Washington,1988,1062,163,899
Wayne,1988,2355,312,2043
Westchester,1988,17260,4650,12610
Wyoming,1988,707,114,593
Yates,1988,295,67,228
Albany,1987,6290,1593,4697
Allegany,1987,590,108,482
Bronx,1987,43352,24804,18548
Broome,1987,3357,653,2704
Cattaraugus,1987,1320,261,1059
Cayuga,1987,1268,276,992
Chautauqua,1987,2356,420,1936
Chemung,1987,1640,312,1328
Chenango,1987,919,111,808
Clinton,1987,1496,349,1147
Columbia,1987,1161,241,920
Cortland,1987,1287,154,1133
Delaware,1987,930,155,775
Dutchess,1987,5371,1264,4107
Erie,1987,21341,5325,16016
Essex,1987,589,121,468
Franklin,1987,914,148,766
Fulton,1987,746,132,614
Genesee,1987,969,164,805
Greene,1987,896,189,707
Hamilton,1987,77,13,64
Herkimer,1987,880,200,680
Jefferson,1987,1407,346,1061
Kings,1987,63578,34482,29096
Lewis,1987,241,47,194
Livingston,1987,1284,160,1124
Madison,1987,1028,164,864
Monroe,1987,15142,3283,11859
Montgomery,1987,945,175,770
Nassau,1987,16416,4564,11852
New York,1987,106924,37880,69044
Niagara,1987,3902,869,3033
Oneida,1987,3139,675,2464
Onondaga,1987,8350,2628,5722
Ontario,1987,2082,358,1724
Orange,1987,7051,1790,5261
Orleans,1987,664,128,536
Oswego,1987,1604,291,1313
Otsego,1987,1315,182,1133
Putnam,1987,1591,236,1355
Queens,1987,32489,17209,15280
Rensselaer,1987,2305,451,1854
Richmond,1987,6170,2349,3821
Rockland,1987,2952,727,2225
Saratoga,1987,3192,506,2686
Schenectady,1987,2449,599,1850
Schoharie,1987,645,99,546
Schuyler,1987,328,47,281
Seneca,1987,702,139,563
Steuben,1987,1370,282,1088
St. Lawrence,1987,2157,320,1837
Suffolk,1987,21229,4561,16668
Sullivan,1987,2387,651,1736
Tioga,1987,776,162,614
Tompkins,1987,1705,329,1376
Ulster,1987,3429,759,2670
Unknown-NonNYS,1987,242,221,21
Unknown NYC county,1987,99,64,35
Warren,1987,1794,252,1542
Washington,1987,1195,226,969
Wayne,1987,2216,306,1910
Westchester,1987,15451,4169,11282
Wyoming,1987,569,100,469
Yates,1987,227,52,175
Albany,1986,5980,1773,4207
Allegany,1986,567,138,429
Bronx,1986,39652,22460,17192
Broome,1986,3436,741,2695
Cattaraugus,1986,1336,242,1094
Cayuga,1986,1097,263,834
Chautauqua,1986,2289,423,1866
Chemung,1986,1502,339,1163
Chenango,1986,878,117,761
Clinton,1986,1408,351,1057
Columbia,1986,1075,233,842
Cortland,1986,1202,207,995
Delaware,1986,827,157,670
Dutchess,1986,4569,1219,3350
Erie,1986,19765,4915,14850
Essex,1986,747,180,567
Franklin,1986,932,135,797
Fulton,1986,669,125,544
Genesee,1986,1009,193,816
Greene,1986,804,202,602
Hamilton,1986,81,16,65
Herkimer,1986,868,219,649
Jefferson,1986,1199,332,867
Kings,1986,58265,32255,26010
Lewis,1986,214,62,152
Livingston,1986,1371,197,1174
Madison,1986,1042,192,850
Monroe,1986,14361,3406,10955
Montgomery,1986,1062,181,881
Nassau,1986,15572,4740,10832
New York,1986,107786,38748,69038
Niagara,1986,3929,878,3051
Oneida,1986,3113,713,2400
Onondaga,1986,7422,2379,5043
Ontario,1986,1919,325,1594
Orange,1986,6300,1567,4733
Orleans,1986,571,147,424
Oswego,1986,1798,335,1463
Otsego,1986,1175,187,988
Putnam,1986,1452,286,1166
Queens,1986,28786,15744,13042
Rensselaer,1986,2221,451,1770
Richmond,1986,5225,2050,3175
Rockland,1986,2789,907,1882
Saratoga,1986,3263,561,2702
Schenectady,1986,2323,514,1809
Schoharie,1986,741,122,619
Schuyler,1986,298,57,241
Seneca,1986,656,133,523
Steuben,1986,1356,281,1075
St. Lawrence,1986,2237,312,1925
Suffolk,1986,19623,4504,15119
Sullivan,1986,2033,579,1454
Tioga,1986,804,171,633
Tompkins,1986,1485,251,1234
Ulster,1986,3340,809,2531
Unknown-NonNYS,1986,171,161,10
Unknown NYC county,1986,134,73,61
Warren,1986,1611,262,1349
Washington,1986,995,206,789
Wayne,1986,2196,341,1855
Westchester,1986,13953,3919,10034
Wyoming,1986,554,106,448
Yates,1986,249,70,179
Albany,1985,5622,1490,4132
Allegany,1985,506,102,404
Bronx,1985,35592,19118,16474
Broome,1985,3141,696,2445
Cattaraugus,1985,1225,210,1015
Cayuga,1985,1317,266,1051
Chautauqua,1985,2118,363,1755
Chemung,1985,1558,332,1226
Chenango,1985,963,127,836
Clinton,1985,1387,277,1110
Columbia,1985,1204,270,934
Cortland,1985,1271,160,1111
Delaware,1985,807,112,695
Dutchess,1985,4544,1142,3402
Erie,1985,18713,4758,13955
Essex,1985,635,107,528
Franklin,1985,787,125,662
Fulton,1985,640,136,504
Genesee,1985,915,156,759
Greene,1985,641,158,483
Hamilton,1985,92,19,73
Herkimer,1985,847,157,690
Jefferson,1985,1139,274,865
Kings,1985,48912,27635,21277
Lewis,1985,259,53,206
Livingston,1985,1396,152,1244
Madison,1985,970,160,810
Monroe,1985,12861,2903,9958
Montgomery,1985,902,138,764
Nassau,1985,15883,4384,11499
New York,1985,99491,34574,64917
Niagara,1985,3604,782,2822
Oneida,1985,2840,661,2179
Onondaga,1985,7258,2379,4879
Ontario,1985,1668,278,1390
Orange,1985,5504,1409,4095
Orleans,1985,512,151,361
Oswego,1985,1657,339,1318
Otsego,1985,1271,190,1081
Putnam,1985,1142,232,910
Queens,1985,25105,11983,13122
Rensselaer,1985,2119,397,1722
Richmond,1985,4886,1827,3059
Rockland,1985,3125,815,2310
Saratoga,1985,3319,518,2801
Schenectady,1985,2022,455,1567
Schoharie,1985,605,78,527
Schuyler,1985,308,63,245
Seneca,1985,648,122,526
Steuben,1985,1268,250,1018
St. Lawrence,1985,2048,306,1742
Suffolk,1985,20126,4376,15750
Sullivan,1985,1937,451,1486
Tioga,1985,701,127,574
Tompkins,1985,1583,255,1328
Ulster,1985,3195,781,2414
Unknown-NonNYS,1985,157,149,8
Unknown NYC county,1985,119,71,48
Warren,1985,1479,214,1265
Washington,1985,1014,194,820
Wayne,1985,2281,335,1946
Westchester,1985,13435,3762,9673
Wyoming,1985,577,112,465
Yates,1985,231,47,184
Albany,1984,5344,1465,3879
Allegany,1984,552,107,445
Bronx,1984,33379,18195,15184
Broome,1984,3089,674,2415
Cattaraugus,1984,1186,176,1010
Cayuga,1984,1251,231,1020
Chautauqua,1984,2194,373,1821
Chemung,1984,1473,316,1157
Chenango,1984,966,142,824
Clinton,1984,1459,263,1196
Columbia,1984,1224,275,949
Cortland,1984,1143,138,1005
Delaware,1984,801,126,675
Dutchess,1984,4650,1017,3633
Erie,1984,19018,4760,14258
Essex,1984,683,139,544
Franklin,1984,813,126,687
Fulton,1984,724,179,545
Genesee,1984,869,138,731
Greene,1984,641,191,450
Hamilton,1984,74,9,65
Herkimer,1984,787,151,636
Jefferson,1984,1191,292,899
Kings,1984,45207,26459,18748
Lewis,1984,215,42,173
Livingston,1984,1265,145,1120
Madison,1984,917,141,776
Monroe,1984,12650,2695,9955
Montgomery,1984,891,147,744
Nassau,1984,15032,4006,11026
New York,1984,93371,36493,56878
Niagara,1984,3306,752,2554
Oneida,1984,2691,637,2054
Onondaga,1984,7012,2104,4908
Ontario,1984,1506,242,1264
Orange,1984,5807,1356,4451
Orleans,1984,642,126,516
Oswego,1984,1756,254,1502
Otsego,1984,1097,181,916
Putnam,1984,1187,195,992
Queens,1984,23965,11791,12174
Rensselaer,1984,1970,416,1554
Richmond,1984,4627,1775,2852
Rockland,1984,2915,745,2170
Saratoga,1984,3082,395,2687
Schenectady,1984,2315,488,1827
Schoharie,1984,581,87,494
Schuyler,1984,292,56,236
Seneca,1984,633,86,547
Steuben,1984,1192,228,964
St. Lawrence,1984,2078,342,1736
Suffolk,1984,19087,4351,14736
Sullivan,1984,2351,578,1773
Tioga,1984,685,89,596
Tompkins,1984,1276,195,1081
Ulster,1984,3018,746,2272
Unknown-NonNYS,1984,181,171,10
Unknown NYC county,1984,88,55,33
Warren,1984,1578,255,1323
Washington,1984,976,177,799
Wayne,1984,2132,289,1843
Westchester,1984,12847,3383,9464
Wyoming,1984,559,110,449
Yates,1984,182,29,153
Albany,1983,5624,1440,4184
Allegany,1983,623,138,485
Bronx,1983,29691,16479,13212
Broome,1983,2661,602,2059
Cattaraugus,1983,1102,196,906
Cayuga,1983,1057,195,862
Chautauqua,1983,1910,351,1559
Chemung,1983,1503,333,1170
Chenango,1983,857,121,736
Clinton,1983,1614,307,1307
Columbia,1983,1218,284,934
Cortland,1983,1170,173,997
Delaware,1983,677,154,523
Dutchess,1983,4373,1086,3287
Erie,1983,18287,4500,13787
Essex,1983,607,134,473
Franklin,1983,755,144,611
Fulton,1983,556,121,435
Genesee,1983,1016,152,864
Greene,1983,575,182,393
Hamilton,1983,75,19,56
Herkimer,1983,696,139,557
Jefferson,1983,1160,287,873
Kings,1983,39317,22860,16457
Lewis,1983,173,26,147
Livingston,1983,1200,169,1031
Madison,1983,971,177,794
Monroe,1983,12801,2674,10127
Montgomery,1983,781,165,616
Nassau,1983,13506,3780,9726
New York,1983,88123,33117,55006
Niagara,1983,3242,753,2489
Oneida,1983,2729,683,2046
Onondaga,1983,6843,2102,4741
Ontario,1983,1535,216,1319
Orange,1983,6277,1532,4745
Orleans,1983,667,140,527
Oswego,1983,1558,280,1278
Otsego,1983,845,137,708
Putnam,1983,1311,208,1103
Queens,1983,21298,11344,9954
Rensselaer,1983,2158,422,1736
Richmond,1983,3686,1548,2138
Rockland,1983,2774,782,1992
Saratoga,1983,3183,488,2695
Schenectady,1983,2203,426,1777
Schoharie,1983,487,65,422
Schuyler,1983,290,55,235
Seneca,1983,817,87,730
Steuben,1983,1158,216,942
St. Lawrence,1983,2227,354,1873
Suffolk,1983,19216,4629,14587
Sullivan,1983,2425,575,1850
Tioga,1983,709,135,574
Tompkins,1983,1403,223,1180
Ulster,1983,3025,727,2298
Unknown-NonNYS,1983,160,156,4
Unknown NYC county,1983,153,91,62
Warren,1983,1497,248,1249
Washington,1983,941,213,728
Wayne,1983,2230,289,1941
Westchester,1983,12036,3474,8562
Wyoming,1983,498,77,421
Yates,1983,236,59,177
Albany,1982,5712,1423,4289
Allegany,1982,534,81,453
Bronx,1982,28106,16267,11839
Broome,1982,2651,586,2065
Cattaraugus,1982,1082,177,905
Cayuga,1982,1161,196,965
Chautauqua,1982,1865,324,1541
Chemung,1982,1513,362,1151
Chenango,1982,772,134,638
Clinton,1982,1544,296,1248
Columbia,1982,1151,290,861
Cortland,1982,1269,260,1009
Delaware,1982,744,126,618
Dutchess,1982,4354,1039,3315
Erie,1982,18734,4980,13754
Essex,1982,829,181,648
Franklin,1982,786,139,647
Fulton,1982,539,146,393
Genesee,1982,1433,213,1220
Greene,1982,699,188,511
Hamilton,1982,87,26,61
Herkimer,1982,690,122,568
Jefferson,1982,1168,296,872
Kings,1982,38990,21588,17402
Lewis,1982,177,50,127
Livingston,1982,1175,121,1054
Madison,1982,929,183,746
Monroe,1982,12141,2661,9480
Montgomery,1982,640,128,512
Nassau,1982,14291,4046,10245
New York,1982,78803,32241,46562
Niagara,1982,3123,802,2321
Oneida,1982,2606,574,2032
Onondaga,1982,7003,2214,4789
Ontario,1982,1379,207,1172
Orange,1982,5463,1285,4178
Orleans,1982,649,119,530
Oswego,1982,1433,234,1199
Otsego,1982,878,134,744
Putnam,1982,1438,226,1212
Queens,1982,21423,11448,9975
Rensselaer,1982,1960,441,1519
Richmond,1982,3256,1473,1783
Rockland,1982,2389,680,1709
Saratoga,1982,2859,478,2381
Schenectady,1982,2172,382,1790
Schoharie,1982,496,119,377
Schuyler,1982,261,58,203
Seneca,1982,873,118,755
Steuben,1982,1080,186,894
St. Lawrence,1982,2412,360,2052
Suffolk,1982,18717,4555,14162
Sullivan,1982,2418,541,1877
Tioga,1982,719,144,575
Tompkins,1982,1439,234,1205
Ulster,1982,2874,658,2216
Unknown-NonNYS,1982,141,136,5
Unknown NYC county,1982,896,444,452
Warren,1982,1097,186,911
Washington,1982,789,169,620
Wayne,1982,2134,309,1825
Westchester,1982,12254,3725,8529
Wyoming,1982,491,96,395
Yates,1982,251,58,193
Albany,1981,5628,1435,4193
Allegany,1981,520,79,441
Bronx,1981,22895,14673,8222
Broome,1981,2650,554,2096
Cattaraugus,1981,1092,207,885
Cayuga,1981,1056,162,894
Chautauqua,1981,1850,322,1528
Chemung,1981,1333,318,1015
Chenango,1981,682,132,550
Clinton,1981,1592,335,1257
Columbia,1981,997,222,775
Cortland,1981,1063,181,882
Delaware,1981,678,140,538
Dutchess,1981,3734,860,2874
Erie,1981,16186,4568,11618
Essex,1981,798,185,613
Franklin,1981,967,147,820
Fulton,1981,562,117,445
Genesee,1981,913,145,768
Greene,1981,554,138,416
Hamilton,1981,88,17,71
Herkimer,1981,615,120,495
Jefferson,1981,1121,279,842
Kings,1981,33816,20129,13687
Lewis,1981,204,60,144
Livingston,1981,1055,138,917
Madison,1981,984,195,789
Monroe,1981,11735,2563,9172
Montgomery,1981,541,98,443
Nassau,1981,13093,3775,9318
New York,1981,62189,28448,33741
Niagara,1981,3164,760,2404
Oneida,1981,2467,636,1831
Onondaga,1981,6275,1950,4325
Ontario,1981,1301,218,1083
Orange,1981,5251,1196,4055
Orleans,1981,636,153,483
Oswego,1981,1333,216,1117
Otsego,1981,935,154,781
Putnam,1981,1191,231,960
Queens,1981,19528,10727,8801
Rensselaer,1981,2244,485,1759
Richmond,1981,3255,1491,1764
Rockland,1981,2643,784,1859
Saratoga,1981,2967,482,2485
Schenectady,1981,2256,375,1881
Schoharie,1981,501,99,402
Schuyler,1981,243,51,192
Seneca,1981,752,88,664
Steuben,1981,1041,186,855
St. Lawrence,1981,2398,355,2043
Suffolk,1981,16228,4354,11874
Sullivan,1981,2205,583,1622
Tioga,1981,603,96,507
Tompkins,1981,1215,228,987
Ulster,1981,2723,618,2105
Unknown-NonNYS,1981,175,166,9
Unknown NYC county,1981,2411,1119,1292
Warren,1981,1201,248,953
Washington,1981,765,191,574
Wayne,1981,2182,292,1890
Westchester,1981,11408,3613,7795
Wyoming,1981,481,79,402
Yates,1981,294,52,242
Albany,1980,5578,1291,4287
Allegany,1980,509,75,434
Bronx,1980,20757,13550,7207
Broome,1980,2732,569,2163
Cattaraugus,1980,1065,180,885
Cayuga,1980,973,154,819
Chautauqua,1980,1810,334,1476
Chemung,1980,1288,294,994
Chenango,1980,773,122,651
Clinton,1980,1464,288,1176
Columbia,1980,1001,223,778
Cortland,1980,1150,191,959
Delaware,1980,618,108,510
Dutchess,1980,3727,818,2909
Erie,1980,15763,4380,11383
Essex,1980,816,182,634
Franklin,1980,895,145,750
Fulton,1980,521,105,416
Genesee,1980,630,152,478
Greene,1980,580,145,435
Hamilton,1980,84,20,64
Herkimer,1980,652,139,513
Jefferson,1980,1217,312,905
Kings,1980,30587,18525,12062
Lewis,1980,245,56,189
Livingston,1980,951,124,827
Madison,1980,995,194,801
Monroe,1980,11233,2395,8838
Montgomery,1980,518,105,413
Nassau,1980,13307,4011,9296
New York,1980,52240,24884,27356
Niagara,1980,3007,768,2239
Oneida,1980,2654,625,2029
Onondaga,1980,5972,1807,4165
Ontario,1980,1361,208,1153
Orange,1980,5275,1321,3954
Orleans,1980,601,154,447
Oswego,1980,1304,187,1117
Otsego,1980,806,129,677
Putnam,1980,1092,210,882
Queens,1980,19375,11228,8147
Rensselaer,1980,2301,514,1787
Richmond,1980,3067,1414,1653
Rockland,1980,2897,746,2151
Saratoga,1980,3119,473,2646
Schenectady,1980,2244,396,1848
Schoharie,1980,420,106,314
Schuyler,1980,295,68,227
Seneca,1980,835,91,744
Steuben,1980,965,199,766
St. Lawrence,1980,2114,363,1751
Suffolk,1980,15931,4507,11424
Sullivan,1980,2261,559,1702
Tioga,1980,583,104,479
Tompkins,1980,1169,200,969
Ulster,1980,2721,617,2104
Unknown-NonNYS,1980,173,158,15
Unknown NYC county,1980,3224,1501,1723
Warren,1980,1306,260,1046
Washington,1980,904,187,717
Wayne,1980,1904,294,1610
Westchester,1980,10195,3208,6987
Wyoming,1980,434,78,356
Yates,1980,303,50,253
Albany,1979,5706,1339,4367
Allegany,1979,488,82,406
Bronx,1979,21967,14037,7930
Broome,1979,2512,578,1934
Cattaraugus,1979,1025,171,854
Cayuga,1979,941,168,773
Chautauqua,1979,1734,347,1387
Chemung,1979,1195,274,921
Chenango,1979,698,114,584
Clinton,1979,1432,329,1103
Columbia,1979,978,260,718
Cortland,1979,920,152,768
Delaware,1979,558,132,426
Dutchess,1979,3236,821,2415
Erie,1979,16654,4526,12128
Essex,1979,643,192,451
Franklin,1979,787,159,628
Fulton,1979,522,139,383
Genesee,1979,493,149,344
Greene,1979,650,162,488
Hamilton,1979,56,8,48
Herkimer,1979,614,100,514
Jefferson,1979,1101,281,820
Kings,1979,33432,19333,14099
Lewis,1979,225,48,177
Livingston,1979,798,109,689
Madison,1979,976,153,823
Monroe,1979,10558,2324,8234
Montgomery,1979,599,156,443
Nassau,1979,12050,3510,8540
New York,1979,59553,28348,31205
Niagara,1979,2825,797,2028
Oneida,1979,2227,564,1663
Onondaga,1979,5395,1707,3688
Ontario,1979,1167,216,951
Orange,1979,4652,1163,3489
Orleans,1979,464,111,353
Oswego,1979,1365,191,1174
Otsego,1979,755,105,650
Putnam,1979,955,193,762
Queens,1979,19267,10543,8724
Rensselaer,1979,2084,511,1573
Richmond,1979,3051,1375,1676
Rockland,1979,2475,707,1768
Saratoga,1979,2726,439,2287
Schenectady,1979,1707,340,1367
Schoharie,1979,333,79,254
Schuyler,1979,312,70,242
Seneca,1979,730,110,620
Steuben,1979,945,229,716
St. Lawrence,1979,1851,412,1439
Suffolk,1979,14569,4122,10447
Sullivan,1979,2166,533,1633
Tioga,1979,562,63,499
Tompkins,1979,1275,215,1060
Ulster,1979,2339,503,1836
Unknown-NonNYS,1979,191,180,11
Unknown NYC county,1979,868,460,408
Warren,1979,1313,225,1088
Washington,1979,697,153,544
Wayne,1979,1600,238,1362
Westchester,1979,9140,2797,6343
Wyoming,1979,358,74,284
Yates,1979,233,46,187
Albany,1978,5029,1193,3836
Allegany,1978,327,63,264
Bronx,1978,22094,14231,7863
Broome,1978,2018,484,1534
Cattaraugus,1978,1032,155,877
Cayuga,1978,834,165,669
Chautauqua,1978,1532,272,1260
Chemung,1978,910,205,705
Chenango,1978,512,77,435
Clinton,1978,1011,260,751
Columbia,1978,815,171,644
Cortland,1978,698,108,590
Delaware,1978,523,137,386
Dutchess,1978,2925,671,2254
Erie,1978,16204,4491,11713
Essex,1978,590,118,472
Franklin,1978,812,155,657
Fulton,1978,496,107,389
Genesee,1978,482,128,354
Greene,1978,668,149,519
Hamilton,1978,71,20,51
Herkimer,1978,487,109,378
Jefferson,1978,1019,239,780
Kings,1978,35110,20665,14445
Lewis,1978,177,51,126
Livingston,1978,545,75,470
Madison,1978,754,137,617
Monroe,1978,9041,2254,6787
Montgomery,1978,609,131,478
Nassau,1978,10955,3051,7904
New York,1978,69457,27934,41523
Niagara,1978,2412,660,1752
Oneida,1978,1930,516,1414
Onondaga,1978,4913,1630,3283
Ontario,1978,1011,200,811
Orange,1978,4321,1122,3199
Orleans,1978,400,79,321
Oswego,1978,1274,199,1075
Otsego,1978,571,76,495
Putnam,1978,834,144,690
Queens,1978,17986,9740,8246
Rensselaer,1978,2016,463,1553
Richmond,1978,2670,1121,1549
Rockland,1978,2480,702,1778
Saratoga,1978,2332,325,2007
Schenectady,1978,1575,314,1261
Schoharie,1978,327,67,260
Schuyler,1978,248,46,202
Seneca,1978,647,94,553
Steuben,1978,860,220,640
St. Lawrence,1978,1657,273,1384
Suffolk,1978,14363,3751,10612
Sullivan,1978,1997,480,1517
Tioga,1978,409,65,344
Tompkins,1978,1069,174,895
Ulster,1978,2034,511,1523
Unknown-NonNYS,1978,172,159,13
Unknown NYC county,1978,499,235,264
Warren,1978,1050,223,827
Washington,1978,615,119,496
Wayne,1978,1511,184,1327
Westchester,1978,8288,2560,5728
Wyoming,1978,325,58,267
Yates,1978,245,53,192
Albany,1977,4108,1075,3033
Allegany,1977,337,84,253
Bronx,1977,23541,16040,7501
Broome,1977,1930,447,1483
Cattaraugus,1977,996,151,845
Cayuga,1977,715,137,578
Chautauqua,1977,1297,254,1043
Chemung,1977,955,247,708
Chenango,1977,480,100,380
Clinton,1977,1156,274,882
Columbia,1977,640,141,499
Cortland,1977,655,99,556
Delaware,1977,475,150,325
Dutchess,1977,2925,810,2115
Erie,1977,12292,3798,8494
Essex,1977,663,149,514
Franklin,1977,753,121,632
Fulton,1977,423,82,341
Genesee,1977,459,117,342
Greene,1977,594,164,430
Hamilton,1977,80,20,60
Herkimer,1977,454,100,354
Jefferson,1977,865,270,595
Kings,1977,39205,22755,16450
Lewis,1977,107,43,64
Livingston,1977,484,79,405
Madison,1977,633,148,485
Monroe,1977,9202,2725,6477
Montgomery,1977,544,141,403
Nassau,1977,10882,3101,7781
New York,1977,70612,30430,40182
Niagara,1977,2080,707,1373
Oneida,1977,1793,504,1289
Onondaga,1977,5078,1589,3489
Ontario,1977,978,172,806
Orange,1977,4214,1085,3129
Orleans,1977,440,88,352
Oswego,1977,847,170,677
Otsego,1977,495,82,413
Putnam,1977,830,178,652
Queens,1977,17809,10071,7738
Rensselaer,1977,1445,388,1057
Richmond,1977,2565,1071,1494
Rockland,1977,2444,653,1791
Saratoga,1977,2258,293,1965
Schenectady,1977,1271,309,962
Schoharie,1977,302,73,229
Schuyler,1977,151,28,123
Seneca,1977,624,100,524
Steuben,1977,804,205,599
St. Lawrence,1977,1682,264,1418
Suffolk,1977,13077,3757,9320
Sullivan,1977,1855,463,1392
Tioga,1977,501,88,413
Tompkins,1977,1178,208,970
Ulster,1977,2134,591,1543
Unknown-NonNYS,1977,204,188,16
Unknown NYC county,1977,750,284,466
Warren,1977,950,199,751
Washington,1977,634,136,498
Wayne,1977,1548,251,1297
Westchester,1977,8197,2560,5637
Wyoming,1977,374,73,301
Yates,1977,201,39,162
Albany,1976,3907,1162,2745
Allegany,1976,368,98,270
Bronx,1976,26076,16943,9133
Broome,1976,2013,454,1559
Cattaraugus,1976,1163,174,989
Cayuga,1976,715,156,559
Chautauqua,1976,1478,328,1150
Chemung,1976,1058,198,860
Chenango,1976,478,126,352
Clinton,1976,1425,425,1000
Columbia,1976,792,190,602
Cortland,1976,789,100,689
Delaware,1976,455,92,363
Dutchess,1976,3044,871,2173
Erie,1976,14776,4196,10580
Essex,1976,761,187,574
Franklin,1976,764,154,610
Fulton,1976,472,108,364
Genesee,1976,549,134,415
Greene,1976,636,156,480
Hamilton,1976,83,24,59
Herkimer,1976,509,132,377
Jefferson,1976,867,298,569
Kings,1976,37011,21185,15826
Lewis,1976,153,43,110
Livingston,1976,663,114,549
Madison,1976,520,129,391
Monroe,1976,9205,2687,6518
Montgomery,1976,495,114,381
Nassau,1976,11513,3179,8334
New York,1976,56931,27271,29660
Niagara,1976,2288,804,1484
Oneida,1976,1842,497,1345
Onondaga,1976,5436,1731,3705
Ontario,1976,1024,183,841
Orange,1976,4304,1102,3202
Orleans,1976,473,108,365
Oswego,1976,850,184,666
Otsego,1976,616,97,519
Putnam,1976,1002,207,795
Queens,1976,17450,9808,7642
Rensselaer,1976,1186,384,802
Richmond,1976,2392,1013,1379
Rockland,1976,2294,694,1600
Saratoga,1976,1995,294,1701
Schenectady,1976,1230,368,862
Schoharie,1976,294,89,205
Schuyler,1976,208,31,177
Seneca,1976,654,91,563
Steuben,1976,724,180,544
St. Lawrence,1976,1982,381,1601
Suffolk,1976,12750,3860,8890
Sullivan,1976,2043,648,1395
Tioga,1976,431,64,367
Tompkins,1976,1250,207,1043
Ulster,1976,1997,492,1505
Unknown-NonNYS,1976,181,168,13
Unknown NYC county,1976,476,259,217
Warren,1976,829,153,676
Washington,1976,578,126,452
Wayne,1976,1564,239,1325
Westchester,1976,8193,2712,5481
Wyoming,1976,335,62,273
Yates,1976,234,44,190
Albany,1975,3526,1026,2500
Allegany,1975,477,107,370
Bronx,1975,25612,16107,9505
Broome,1975,1923,505,1418
Cattaraugus,1975,1176,172,1004
Cayuga,1975,645,138,507
Chautauqua,1975,1603,284,1319
Chemung,1975,950,238,712
Chenango,1975,448,113,335
Clinton,1975,1248,382,866
Columbia,1975,781,170,611
Cortland,1975,618,103,515
Delaware,1975,579,146,433
Dutchess,1975,2519,753,1766
Erie,1975,13263,4375,8888
Essex,1975,784,145,639
Franklin,1975,785,154,631
Fulton,1975,498,114,384
Genesee,1975,531,150,381
Greene,1975,580,156,424
Hamilton,1975,118,33,85
Herkimer,1975,460,144,316
Jefferson,1975,932,243,689
Kings,1975,33493,18453,15040
Lewis,1975,137,46,91
Livingston,1975,669,131,538
Madison,1975,494,128,366
Monroe,1975,8429,2796,5633
Montgomery,1975,534,139,395
Nassau,1975,12706,3311,9395
New York,1975,48517,23641,24876
Niagara,1975,2473,772,1701
Oneida,1975,1916,554,1362
Onondaga,1975,5625,1557,4068
Ontario,1975,989,177,812
Orange,1975,4255,1121,3134
Orleans,1975,435,101,334
Oswego,1975,900,173,727
Otsego,1975,565,113,452
Putnam,1975,738,177,561
Queens,1975,16585,8578,8007
Rensselaer,1975,982,347,635
Richmond,1975,2389,948,1441
Rockland,1975,2033,590,1443
Saratoga,1975,1547,299,1248
Schenectady,1975,1341,291,1050
Schoharie,1975,334,76,258
Schuyler,1975,215,35,180
Seneca,1975,547,99,448
Steuben,1975,718,220,498
St. Lawrence,1975,1649,382,1267
Suffolk,1975,12857,3318,9539
Sullivan,1975,1676,476,1200
Tioga,1975,460,76,384
Tompkins,1975,1127,178,949
Ulster,1975,1918,497,1421
Unknown-NonNYS,1975,175,165,10
Unknown NYC county,1975,327,201,126
Warren,1975,968,224,744
Washington,1975,593,137,456
Wayne,1975,1321,236,1085
Westchester,1975,8086,2626,5460
Wyoming,1975,386,77,309
Yates,1975,297,85,212
Albany,1974,3586,1069,2517
Allegany,1974,514,108,406
Bronx,1974,24615,15447,9168
Broome,1974,1861,424,1437
Cattaraugus,1974,1316,144,1172
Cayuga,1974,572,116,456
Chautauqua,1974,1881,430,1451
Chemung,1974,905,253,652
Chenango,1974,473,84,389
Clinton,1974,1044,364,680
Columbia,1974,591,146,445
Cortland,1974,419,106,313
Delaware,1974,515,125,390
Dutchess,1974,2366,790,1576
Erie,1974,12455,4107,8348
Essex,1974,579,131,448
Franklin,1974,723,144,579
Fulton,1974,366,111,255
Genesee,1974,534,113,421
Greene,1974,521,175,346
Hamilton,1974,90,24,66
Herkimer,1974,392,103,289
Jefferson,1974,1018,382,636
Kings,1974,31920,18053,13867
Lewis,1974,147,48,99
Livingston,1974,662,103,559
Madison,1974,441,114,327
Monroe,1974,8204,2351,5853
Montgomery,1974,431,140,291
Nassau,1974,13353,3420,9933
New York,1974,47999,24529,23470
Niagara,1974,2289,785,1504
Oneida,1974,1596,462,1134
Onondaga,1974,5591,1513,4078
Ontario,1974,915,170,745
Orange,1974,3443,832,2611
Orleans,1974,407,90,317
Oswego,1974,765,159,606
Otsego,1974,507,110,397
Putnam,1974,693,172,521
Queens,1974,16961,8482,8479
Rensselaer,1974,966,333,633
Richmond,1974,2601,1037,1564
Rockland,1974,1750,555,1195
Saratoga,1974,1462,217,1245
Schenectady,1974,1293,298,995
Schoharie,1974,344,76,268
Schuyler,1974,244,59,185
Seneca,1974,494,74,420
Steuben,1974,682,203,479
St. Lawrence,1974,1392,288,1104
Suffolk,1974,12753,3190,9563
Sullivan,1974,1605,435,1170
Tioga,1974,419,61,358
Tompkins,1974,1115,219,896
Ulster,1974,1691,494,1197
Unknown-NonNYS,1974,179,168,11
Unknown NYC county,1974,223,140,83
Warren,1974,837,198,639
Washington,1974,530,145,385
Wayne,1974,1119,197,922
Westchester,1974,7910,2555,5355
Wyoming,1974,343,67,276
Yates,1974,329,64,265
Albany,1973,3055,955,2100
Allegany,1973,392,85,307
Bronx,1973,20262,13138,7124
Broome,1973,1737,369,1368
Cattaraugus,1973,1257,115,1142
Cayuga,1973,648,127,521
Chautauqua,1973,1602,333,1269
Chemung,1973,858,217,641
Chenango,1973,404,66,338
Clinton,1973,606,201,405
Columbia,1973,579,178,401
Cortland,1973,421,96,325
Delaware,1973,469,110,359
Dutchess,1973,2233,613,1620
Erie,1973,11827,3435,8392
Essex,1973,453,97,356
Franklin,1973,612,109,503
Fulton,1973,280,74,206
Genesee,1973,693,163,530
Greene,1973,462,112,350
Hamilton,1973,105,23,82
Herkimer,1973,378,95,283
Jefferson,1973,1076,328,748
Kings,1973,28864,16008,12856
Lewis,1973,160,41,119
Livingston,1973,593,95,498
Madison,1973,367,85,282
Monroe,1973,7070,1725,5345
Montgomery,1973,286,81,205
Nassau,1973,12792,3643,9149
New York,1973,45074,23141,21933
Niagara,1973,1954,679,1275
Oneida,1973,1636,426,1210
Onondaga,1973,5014,1396,3618
Ontario,1973,878,118,760
Orange,1973,2688,677,2011
Orleans,1973,342,75,267
Oswego,1973,636,147,489
Otsego,1973,405,92,313
Putnam,1973,613,149,464
Queens,1973,13511,7189,6322
Rensselaer,1973,1028,300,728
Richmond,1973,2317,1018,1299
Rockland,1973,1714,557,1157
Saratoga,1973,1014,205,809
Schenectady,1973,1139,266,873
Schoharie,1973,256,59,197
Schuyler,1973,265,35,230
Seneca,1973,453,63,390
Steuben,1973,792,188,604
St. Lawrence,1973,1069,171,898
Suffolk,1973,11801,2881,8920
Sullivan,1973,1445,403,1042
Tioga,1973,321,57,264
Tompkins,1973,1065,160,905
Ulster,1973,1449,431,1018
Unknown-NonNYS,1973,171,158,13
Unknown NYC county,1973,379,232,147
Warren,1973,803,196,607
Washington,1973,445,105,340
Wayne,1973,978,178,800
Westchester,1973,6766,2347,4419
Wyoming,1973,342,63,279
Yates,1973,209,35,174
Albany,1972,2604,864,1740
Allegany,1972,394,72,322
Bronx,1972,23033,14638,8395
Broome,1972,1567,411,1156
Cattaraugus,1972,869,115,754
Cayuga,1972,589,95,494
Chautauqua,1972,1379,315,1064
Chemung,1972,663,163,500
Chenango,1972,306,46,260
Clinton,1972,716,203,513
Columbia,1972,440,146,294
Cortland,1972,349,90,259
Delaware,1972,353,97,256
Dutchess,1972,1926,575,1351
Erie,1972,11419,3373,8046
Essex,1972,420,100,320
Franklin,1972,586,86,500
Fulton,1972,233,82,151
Genesee,1972,595,155,440
Greene,1972,333,105,228
Hamilton,1972,102,14,88
Herkimer,1972,280,83,197
Jefferson,1972,1042,305,737
Kings,1972,36318,20449,15869
Lewis,1972,82,24,58
Livingston,1972,569,100,469
Madison,1972,459,84,375
Monroe,1972,7554,2030,5524
Montgomery,1972,300,88,212
Nassau,1972,11539,3588,7951
New York,1972,52946,26017,26929
Niagara,1972,1677,556,1121
Oneida,1972,1605,389,1216
Onondaga,1972,4666,1196,3470
Ontario,1972,675,130,545
Orange,1972,2347,759,1588
Orleans,1972,231,61,170
Oswego,1972,585,110,475
Otsego,1972,391,91,300
Putnam,1972,594,134,460
Queens,1972,15334,8221,7113
Rensselaer,1972,913,316,597
Richmond,1972,1971,913,1058
Rockland,1972,1627,552,1075
Saratoga,1972,921,168,753
Schenectady,1972,944,186,758
Schoharie,1972,197,63,134
Schuyler,1972,126,36,90
Seneca,1972,409,46,363
Steuben,1972,802,155,647
St. Lawrence,1972,859,156,703
Suffolk,1972,10288,2798,7490
Sullivan,1972,1154,358,796
Tioga,1972,142,35,107
Tompkins,1972,869,158,711
Ulster,1972,1213,363,850
Unknown-NonNYS,1972,161,142,19
Unknown NYC county,1972,202,132,70
Warren,1972,539,147,392
Washington,1972,327,82,245
Wayne,1972,850,167,683
Westchester,1972,6407,2231,4176
Wyoming,1972,319,88,231
Yates,1972,72,13,59
Albany,1971,1566,693,873
Allegany,1971,203,63,140
Bronx,1971,23801,15611,8190
Broome,1971,1141,347,794
Cattaraugus,1971,478,92,386
Cayuga,1971,271,73,198
Chautauqua,1971,740,280,460
Chemung,1971,389,164,225
Chenango,1971,221,51,170
Clinton,1971,366,108,258
Columbia,1971,209,94,115
Cortland,1971,193,26,167
Delaware,1971,190,51,139
Dutchess,1971,1621,518,1103
Erie,1971,7658,2891,4767
Essex,1971,266,100,166
Franklin,1971,259,113,146
Fulton,1971,127,81,46
Genesee,1971,303,83,220
Greene,1971,188,111,77
Hamilton,1971,51,9,42
Herkimer,1971,251,75,176
Jefferson,1971,451,181,270
Kings,1971,34486,22324,12162
Lewis,1971,46,29,17
Livingston,1971,325,88,237
Madison,1971,302,102,200
Monroe,1971,4430,1614,2816
Montgomery,1971,144,69,75
Nassau,1971,9202,3352,5850
New York,1971,52111,27720,24391
Niagara,1971,1397,679,718
Oneida,1971,1053,409,644
Onondaga,1971,2456,1056,1400
Ontario,1971,285,93,192
Orange,1971,1919,749,1170
Orleans,1971,187,73,114
Oswego,1971,305,112,193
Otsego,1971,198,92,106
Putnam,1971,582,157,425
Queens,1971,13910,8260,5650
Rensselaer,1971,581,207,374
Richmond,1971,1486,852,634
Rockland,1971,1296,559,737
Saratoga,1971,469,150,319
Schenectady,1971,473,224,249
Schoharie,1971,57,24,33
Schuyler,1971,107,25,82
Seneca,1971,299,58,241
Steuben,1971,457,126,331
St. Lawrence,1971,398,171,227
Suffolk,1971,7018,2790,4228
Sullivan,1971,689,337,352
Tioga,1971,65,23,42
Tompkins,1971,340,116,224
Ulster,1971,804,343,461
Unknown-NonNYS,1971,146,130,16
Unknown NYC county,1971,1378,766,612
Warren,1971,344,138,206
Washington,1971,159,54,105
Wayne,1971,488,179,309
Westchester,1971,5319,2392,2927
Wyoming,1971,131,30,101
Yates,1971,57,12,45
Albany,1970,1032,563,469
Allegany,1970,68,41,27
Bronx,1970,22327,14338,7989
Broome,1970,820,284,536
Cattaraugus,1970,168,78,90
Cayuga,1970,119,65,54
Chautauqua,1970,391,196,195
Chemung,1970,198,115,83
Chenango,1970,81,46,35
Clinton,1970,289,156,133
Columbia,1970,167,108,59
Cortland,1970,62,40,22
Delaware,1970,135,65,70
Dutchess,1970,1062,345,717
Erie,1970,5925,2595,3330
Essex,1970,148,84,64
Franklin,1970,90,58,32
Fulton,1970,79,57,22
Genesee,1970,117,76,41
Greene,1970,165,86,79
Hamilton,1970,22,15,7
Herkimer,1970,129,58,71
Jefferson,1970,417,152,265
Kings,1970,30108,19642,10466
Lewis,1970,29,19,10
Livingston,1970,138,59,79
Madison,1970,149,70,79
Monroe,1970,2904,1522,1382
Montgomery,1970,127,74,53
Nassau,1970,7868,2811,5057
New York,1970,48181,26462,21719
Niagara,1970,1077,496,581
Oneida,1970,536,326,210
Onondaga,1970,1491,1021,470
Ontario,1970,168,87,81
Orange,1970,1393,689,704
Orleans,1970,89,35,54
Oswego,1970,105,75,30
Otsego,1970,77,54,23
Putnam,1970,404,119,285
Queens,1970,11432,7089,4343
Rensselaer,1970,297,189,108
Richmond,1970,1223,766,457
Rockland,1970,862,385,477
Saratoga,1970,211,139,72
Schenectady,1970,300,154,146
Schoharie,1970,61,42,19
Schuyler,1970,82,27,55
Seneca,1970,170,32,138
Steuben,1970,258,95,163
St. Lawrence,1970,256,142,114
Suffolk,1970,4343,2405,1938
Sullivan,1970,538,302,236
Tioga,1970,53,35,18
Tompkins,1970,115,71,44
Ulster,1970,653,346,307
Unknown-NonNYS,1970,133,123,10
Unknown NYC county,1970,651,372,279
Warren,1970,165,79,86
Washington,1970,69,47,22
Wayne,1970,315,147,168
Westchester,1970,4173,2018,2155
Wyoming,1970,88,30,58
Yates,1970,29,11,18
